# ell_eff  D_ell_1h  D_ell_2h  D_ell_total  D_ell_1h_masked_qgt5  D_ell_2h_masked_qgt5  D_ell_total_masked_qgt5  sigma_fullsky  sigma_masked_qgt5  D_ell_1h_masked_qgt1  D_ell_2h_masked_qgt1  D_ell_total_masked_qgt1  sigma_masked_qgt1
1.0051835744633574e+02 1.2467693260038949e-13 3.2876653756400440e-15 1.2796459797602952e-13 1.0879406033936783e-14 2.2370688248487100e-15 1.3116474858785489e-14 8.3746773167919473e-14 2.6129773883333220e-16 2.6237849221773655e-15 8.8768392211211931e-16 3.5114688442894849e-15 8.8189076990920611e-17
1.4995576820477694e+02 1.8756589004712135e-13 3.8942905749932942e-15 1.9146018062211468e-13 2.2774418189043498e-14 2.8609223223296466e-15 2.5635340511373148e-14 6.9745945108713663e-14 3.7265345148693617e-16 5.6673374157904780e-15 1.1966630838132379e-15 6.8640004996037167e-15 1.1975940029414528e-16
2.2370771856165581e+02 2.7703991401642603e-13 4.3012757554814532e-15 2.8134118977190751e-13 4.6618695410096841e-14 3.3600147149700058e-15 4.9978710125066857e-14 5.7327466204206549e-14 5.5310164441796270e-16 1.2084706548920449e-14 1.4704063995131819e-15 1.3555112948433629e-14 1.7172277755170288e-16
3.3373269960326058e+02 4.0347749460205973e-13 4.4624139695126172e-15 4.0793990857157238e-13 9.2632657208530395e-14 3.6677073602145215e-15 9.6300364568744972e-14 4.7523739330860865e-14 8.4585204704175578e-16 2.5282308118551826e-14 1.6686024605289104e-15 2.6950910579080736e-14 2.5850388863026506e-16
4.9787068367863907e+02 5.7387440400687760e-13 4.3247198702133189e-15 5.7819912387709101e-13 1.7656720425177999e-13 3.7165091257635916e-15 1.8028371337754355e-13 3.9378193644136385e-14 1.3126137712493941e-15 5.1396223459123773e-14 1.7571606004157944e-15 5.3153384059539569e-14 4.0583303146404920e-16
7.4273578214333827e+02 7.8994100974941297e-13 3.9044021084460132e-15 7.9384541185785881e-13 3.1832092760574452e-13 3.4907952353873369e-15 3.2181172284113196e-13 3.2421781309043760e-14 2.0176580083166818e-15 1.0026699905402482e-13 1.7158020274570779e-15 1.0198280108148190e-13 6.5184272787266485e-16
1.1080315836233383e+03 1.0405540077389153e-12 3.2819882538890320e-15 1.0438359959928045e-12 5.3386686540217462e-13 3.0399422442832866e-15 5.3690680764645784e-13 2.6337553535328624e-14 2.9712226777877880e-15 1.8477682401275495e-13 1.5576234593426606e-15 1.8633444747209760e-13 1.0334105161229674e-15
1.6529888822158644e+03 1.2929051506525248e-12 2.5531395948456889e-15 1.2954582902473702e-12 8.1731740479360950e-13 2.4390466458372318e-15 8.1975645143944684e-13 2.0769585993660210e-14 4.0495379651895699e-15 3.1551337561096751e-13 1.3077734426364622e-15 3.1682114905360391e-13 1.5574531029202581e-15
2.4659696394160628e+03 1.4928192427576267e-12 1.8240008713725066e-15 1.4946432436289994e-12 1.1206187767448553e-12 1.7878063606823604e-15 1.1224065831055379e-12 1.5637532891390302e-14 4.9406263892208190e-15 4.8855889159457135e-13 1.0066118563364565e-15 4.8956550345090788e-13 2.1503166776440259e-15
3.6787944117144202e+03 1.5791184690345683e-12 1.1871376548776343e-15 1.5803056066894456e-12 1.3531711473027093e-12 1.1867476776253964e-15 1.3543578949803345e-12 1.0983296169177870e-14 5.2312862230617496e-15 6.7113297073926899e-13 7.0257860885236350e-16 6.7183554934812134e-13 2.6291363976756799e-15
5.4881163609402611e+03 1.5121238924610523e-12 6.9813431740585712e-16 1.5128220267784585e-12 1.4227989013284883e-12 7.0752323964526485e-16 1.4235064245681336e-12 7.0619751444432998e-15 4.6840716086498449e-15 8.0216051198983432e-13 4.3944106317650118e-16 8.0259995305301076e-13 2.7628818203900133e-15
8.1873075307798163e+03 1.2984888303852972e-12 3.6826032497439351e-16 1.2988570907102713e-12 1.2964076443002784e-12 3.7636663239062873e-16 1.2967840109326694e-12 4.1006073552494393e-15 3.4835157346886510e-15 8.2204459883971655e-13 2.4373313823068561e-16 8.2228833197794728e-13 2.4342139800545224e-15
