# ell_eff  D_ell_1h  D_ell_2h  D_ell_total  D_ell_1h_masked_qgt5  D_ell_2h_masked_qgt5  D_ell_total_masked_qgt5  sigma_fullsky  sigma_masked_qgt5  D_ell_1h_masked_qgt1  D_ell_2h_masked_qgt1  D_ell_total_masked_qgt1  sigma_masked_qgt1
1.0000000000000000e+01 5.2344932261764549e-15 5.0115117823524898e-16 5.7356444044117041e-15 1.3058940420379315e-16 1.3427313331351092e-16 2.6486253751730407e-16 3.9054798505422099e-14 4.8534796970168496e-17 2.9627524575749048e-17 3.4408599123150573e-17 6.4036123698899621e-17 1.3748371138508087e-17
1.3500000000000000e+01 8.7175108558166830e-15 6.7936919908524565e-16 9.3968800549019294e-15 2.3246126614933465e-16 2.1918187387175482e-16 4.5164314002108941e-16 5.5371723962069971e-14 6.2179928497010860e-17 5.2822535352477105e-17 6.0395514124525741e-17 1.1321804947700285e-16 1.8236253326400643e-17
1.8000000000000000e+01 1.3881349416263324e-14 9.0080776277721671e-16 1.4782157179040541e-14 4.0445188419828776e-16 3.4089592045134906e-16 7.4534780464963687e-16 7.2621310473981018e-14 8.0063867015233900e-17 9.2117622691353499e-17 1.0051011430239920e-16 1.9262773699375270e-16 2.4152771359943691e-17
2.3500000000000000e+01 2.0869764474012771e-14 1.1573448007453577e-15 2.2027109274758128e-14 6.7707856181483073e-16 4.9922013778894607e-16 1.1762986996037769e-15 8.7518192270895062e-14 1.0167669713919367e-16 1.5470494864319139e-16 1.5631492719315677e-16 3.1101987583634816e-16 3.1277237886857287e-17
3.0500000000000000e+01 3.0342191188726297e-14 1.4585884504843182e-15 3.1800779639210615e-14 1.1226609872636220e-15 7.0355950640229357e-16 1.8262204936659153e-15 9.8302161630270143e-14 1.2123453113550332e-16 2.5767874484856139e-16 2.3273947195577138e-16 4.9041821680433277e-16 3.7634956476058146e-17
4.0000000000000000e+01 4.3578966950239827e-14 1.8226461016366103e-15 4.5401613051876434e-14 1.8974741243808389e-15 9.7127695690811158e-16 2.8687510812889503e-15 1.0350145690852357e-13 1.4408980530596998e-16 4.3838936921650544e-16 3.3812563438313304e-16 7.7651500359963853e-16 4.4586399696383346e-17
5.2500000000000000e+01 6.1036629964327027e-14 2.2324208469992602e-15 6.3269050811326287e-14 3.2021935879112827e-15 1.2954082518474836e-15 4.4976018397587664e-15 1.0224443445824708e-13 1.7821976261537294e-16 7.4646261696523329e-16 4.7127394934983459e-16 1.2177365663150680e-15 5.4408740514826069e-17
6.8500000000000000e+01 8.3018644272524786e-14 2.6636055268192382e-15 8.5682249799344021e-14 5.3248558726177097e-15 1.6610815307852916e-15 6.9859374034030013e-15 9.6031786422725293e-14 2.1919839455667512e-16 1.2556520712924989e-15 6.2727888451294230e-16 1.8829309558054410e-15 6.5467135255655255e-17
8.9500000000000000e+01 1.1115128468216342e-13 3.1099621245482175e-15 1.1426124680671163e-13 8.8355420312103584e-15 2.0673879526793509e-15 1.0902929983889710e-14 8.7060226326360977e-14 2.6827497107441224e-16 2.1145596380725965e-15 8.0856757704002564e-16 2.9231272151126221e-15 7.7931867523975751e-17
1.1700000000000000e+02 1.4700831989714801e-13 3.5456174116859207e-15 1.5055393730883394e-13 1.4569860299883584e-14 2.4941887752592503e-15 1.7064049075142834e-14 7.7357301676118354e-14 3.3592243708794556e-16 3.5513212698585569e-15 1.0110155726183051e-15 4.5623368424768620e-15 9.5129909662443839e-17
1.5250000000000000e+02 1.9210467162998004e-13 3.9276280095705945e-15 1.9603229963955063e-13 2.3706006383511211e-14 2.8998605118447020e-15 2.6605866895355912e-14 6.8285191732505193e-14 4.2343022307935258e-16 5.9062512178871479e-15 1.2172402798654197e-15 7.1234914977525683e-15 1.1716850453786562e-16
1.9800000000000000e+02 2.4835190798069038e-13 4.2183413289592775e-15 2.5257024930964967e-13 3.7944202714671113e-14 3.2441046789738528e-15 4.1188307393644969e-14 6.0300060446431048e-14 5.3928764942701173e-16 9.6997592243386149e-15 1.4034868146360299e-15 1.1103246038974646e-14 1.4643476174601676e-16
2.5750000000000000e+02 3.1939387367921469e-13 4.3994369133985612e-15 3.2379331059261326e-13 6.0190916592412382e-14 3.5071831992759572e-15 6.3698099791688338e-14 5.3175257833007261e-14 6.8795061565747706e-16 1.5861150156820830e-14 1.5576805073558941e-15 1.7418830664176724e-14 1.8326847263003529e-16
3.3550000000000000e+02 4.0830364626093378e-13 4.4604529477697249e-15 4.1276409920870349e-13 9.4385167356760017e-14 3.6741942002720449e-15 9.8059361557032061e-14 4.6901753555915115e-14 8.9785276117898091e-16 2.5772069540882865e-14 1.6742368582235838e-15 2.7446306399106449e-14 2.3712108928721837e-16
4.3650000000000000e+02 5.1622480303687501e-13 4.3941995279050943e-15 5.2061900256478010e-13 1.4506469783184327e-13 3.7294699177119581e-15 1.4879416774955524e-13 4.1431490520488283e-14 1.1788747329441126e-15 4.1269091364440489e-14 1.7434415500962175e-15 4.3012532914536705e-14 3.1146814939669890e-16
5.6750000000000000e+02 6.4416050530709341e-13 4.2001797201481761e-15 6.4836068502724157e-13 2.1785362168158864e-13 3.6638281596925507e-15 2.2151744984128120e-13 3.6556230729427886e-14 1.5487754095662692e-15 6.4955274896901288e-14 1.7562060789129679e-15 6.6711480975814262e-14 4.1384050420181357e-16
7.3800000000000000e+02 7.9150042625328693e-13 3.8946614071270607e-15 7.9539508766041398e-13 3.1879781682921060e-13 3.4851642167570532e-15 3.2228298104596767e-13 3.2149640150543396e-14 2.0221161702183844e-15 1.0027227363200400e-13 1.7142680984156937e-15 1.0198654173041969e-13 5.5336368522344407e-16
9.5950000000000000e+02 9.5388279309007422e-13 3.4994855945940833e-15 9.5738227868466837e-13 4.5209172589275844e-13 3.2066500993280973e-15 4.5529837599208658e-13 2.8121461486110684e-14 2.6006908473991748e-15 1.5102675079933774e-13 1.6204177088315759e-15 1.5264716850816932e-13 7.3921474357017134e-16
