# ell_eff  1e12_D_ell_yy  q>50 qfrommap; r=max(4*theta500, 2x10arcmin); C2 0.25 deg; beam-deconvolved, no pixwin
1.000000e+01 2.098854e-03
1.350000e+01 3.014269e-03
1.800000e+01 5.136711e-03
2.350000e+01 8.019833e-03
3.050000e+01 1.048008e-02
4.000000e+01 1.693765e-02
5.250000e+01 2.844202e-02
6.850000e+01 4.195238e-02
8.950000e+01 6.474384e-02
1.170000e+02 9.853958e-02
1.525000e+02 1.419751e-01
1.980000e+02 2.054968e-01
2.575000e+02 2.810543e-01
3.355000e+02 3.859442e-01
4.365000e+02 5.073807e-01
5.675000e+02 6.608141e-01
7.380000e+02 8.293579e-01
9.595000e+02 1.018562e+00
