# ell_eff  1e12_D_ell_yy  q>5 qfrommap; r=max(4*theta500, 2x10arcmin); C2 0.25 deg; beam-deconvolved, no pixwin
1.000000e+01 3.917126e-04
1.350000e+01 5.746430e-04
1.800000e+01 9.476227e-04
2.350000e+01 1.738135e-03
3.050000e+01 2.240374e-03
4.000000e+01 3.411423e-03
5.250000e+01 5.353939e-03
6.850000e+01 7.876580e-03
8.950000e+01 1.157237e-02
1.170000e+02 1.806917e-02
1.525000e+02 2.842957e-02
1.980000e+02 4.352114e-02
2.575000e+02 6.597675e-02
3.355000e+02 1.050216e-01
4.365000e+02 1.597802e-01
5.675000e+02 2.422427e-01
7.380000e+02 3.529275e-01
9.595000e+02 5.044537e-01
