# ell_eff  1e12_D_ell_yy  q>10 qfrommap; r=max(4*theta500, 2x10arcmin); C2 0.25 deg; beam-deconvolved, no pixwin
1.000000e+01 6.773874e-04
1.350000e+01 9.485694e-04
1.800000e+01 1.669040e-03
2.350000e+01 2.808195e-03
3.050000e+01 3.806029e-03
4.000000e+01 5.463218e-03
5.250000e+01 8.864943e-03
6.850000e+01 1.382411e-02
8.950000e+01 2.115461e-02
1.170000e+02 3.230615e-02
1.525000e+02 5.111177e-02
1.980000e+02 7.770990e-02
2.575000e+02 1.185953e-01
3.355000e+02 1.825461e-01
4.365000e+02 2.711998e-01
5.675000e+02 3.941654e-01
7.380000e+02 5.487063e-01
9.595000e+02 7.387193e-01
