# ell_eff  1e12_D_ell_yy  q>10 qfrommap; r=max(4*theta500, 2x10arcmin); C2 0.25 deg; beam-deconvolved, no pixwin
1.000000e+01 5.484124e-04
1.350000e+01 7.785665e-04
1.800000e+01 1.340582e-03
2.350000e+01 2.255830e-03
3.050000e+01 3.227795e-03
4.000000e+01 4.707457e-03
5.250000e+01 7.714886e-03
6.850000e+01 1.219166e-02
8.950000e+01 1.915025e-02
1.170000e+02 2.973961e-02
1.525000e+02 4.762154e-02
1.980000e+02 7.346700e-02
2.575000e+02 1.137742e-01
3.355000e+02 1.761472e-01
4.365000e+02 2.633953e-01
5.675000e+02 3.836895e-01
7.380000e+02 5.362440e-01
9.595000e+02 7.221995e-01
