# ell_eff  1e12_D_ell_yy  q>20 qfrommap; r=max(4*theta500, 2x10arcmin); C2 0.25 deg; beam-deconvolved, no pixwin
1.000000e+01 9.425999e-04
1.350000e+01 1.251658e-03
1.800000e+01 2.406452e-03
2.350000e+01 3.870189e-03
3.050000e+01 5.163329e-03
4.000000e+01 8.530338e-03
5.250000e+01 1.461733e-02
6.850000e+01 2.178458e-02
8.950000e+01 3.523885e-02
1.170000e+02 5.404955e-02
1.525000e+02 8.377190e-02
1.980000e+02 1.272722e-01
2.575000e+02 1.860504e-01
3.355000e+02 2.745408e-01
4.365000e+02 3.881314e-01
5.675000e+02 5.365904e-01
7.380000e+02 7.064011e-01
9.595000e+02 9.076989e-01
