# ell_eff  1e12_D_ell_yy  (beam-deconvolved, no pixwin)
1.000000e+01 8.644905e-03
1.350000e+01 1.556399e-02
1.800000e+01 2.695321e-02
2.350000e+01 3.842065e-02
3.050000e+01 5.656596e-02
4.000000e+01 9.411037e-02
5.250000e+01 1.431034e-01
6.850000e+01 1.776947e-01
8.950000e+01 2.500564e-01
1.170000e+02 3.162851e-01
1.525000e+02 3.717535e-01
1.980000e+02 4.235564e-01
2.575000e+02 4.708587e-01
3.355000e+02 5.425717e-01
4.365000e+02 6.244132e-01
5.675000e+02 7.435253e-01
7.380000e+02 8.883959e-01
9.595000e+02 1.063593e+00
