# ell_eff  1e12_D_ell_yy  q>20 qfrommap; r=max(4*theta500, 2x10arcmin); C2 0.25 deg; beam-deconvolved, no pixwin
1.000000e+01 1.127786e-03
1.350000e+01 1.427321e-03
1.800000e+01 2.757942e-03
2.350000e+01 4.455220e-03
3.050000e+01 5.801461e-03
4.000000e+01 9.334306e-03
5.250000e+01 1.605167e-02
6.850000e+01 2.342048e-02
8.950000e+01 3.746762e-02
1.170000e+02 5.677142e-02
1.525000e+02 8.714892e-02
1.980000e+02 1.314387e-01
2.575000e+02 1.907953e-01
3.355000e+02 2.808653e-01
4.365000e+02 3.960732e-01
5.675000e+02 5.472987e-01
7.380000e+02 7.189101e-01
9.595000e+02 9.242917e-01
