# ell_eff  1e12_D_ell_yy  q>50 qfrommap; r=max(4*theta500, 2x10arcmin); C2 0.25 deg; beam-deconvolved, no pixwin
1.000000e+01 2.332648e-03
1.350000e+01 3.216467e-03
1.800000e+01 5.558782e-03
2.350000e+01 8.663948e-03
3.050000e+01 1.119850e-02
4.000000e+01 1.785110e-02
5.250000e+01 2.991354e-02
6.850000e+01 4.380851e-02
8.950000e+01 6.680267e-02
1.170000e+02 1.011182e-01
1.525000e+02 1.452017e-01
1.980000e+02 2.097677e-01
2.575000e+02 2.855634e-01
3.355000e+02 3.920939e-01
4.365000e+02 5.152926e-01
5.675000e+02 6.717127e-01
7.380000e+02 8.418806e-01
9.595000e+02 1.035068e+00
