# ell_eff  1e12_D_ell_yy  (beam-deconvolved, no pixwin)
1.000000e+01 8.299244e-03
1.350000e+01 1.519283e-02
1.800000e+01 2.654556e-02
2.350000e+01 3.764046e-02
3.050000e+01 5.626693e-02
4.000000e+01 9.355797e-02
5.250000e+01 1.413783e-01
6.850000e+01 1.763233e-01
8.950000e+01 2.483208e-01
1.170000e+02 3.133291e-01
1.525000e+02 3.685578e-01
1.980000e+02 4.196152e-01
2.575000e+02 4.664548e-01
3.355000e+02 5.363638e-01
4.365000e+02 6.166291e-01
5.675000e+02 7.326313e-01
7.380000e+02 8.757982e-01
9.595000e+02 1.047070e+00
