# ell_eff  1e12_D_ell_yy  q>5 qfrommap; r=max(4*theta500, 2x10arcmin); C2 0.25 deg; beam-deconvolved, no pixwin
1.000000e+01 2.944312e-04
1.350000e+01 4.433442e-04
1.800000e+01 6.944561e-04
2.350000e+01 1.266018e-03
3.050000e+01 1.717016e-03
4.000000e+01 2.639458e-03
5.250000e+01 4.265908e-03
6.850000e+01 6.380695e-03
8.950000e+01 9.717934e-03
1.170000e+02 1.558184e-02
1.525000e+02 2.514719e-02
1.980000e+02 3.950154e-02
2.575000e+02 6.111064e-02
3.355000e+02 9.855402e-02
4.365000e+02 1.519489e-01
5.675000e+02 2.321173e-01
7.380000e+02 3.407814e-01
9.595000e+02 4.879999e-01
