# fgas-2sigma fullsky
# ell  D_ell = ell(ell+1)C_ell/2pi
1.650000e+01 1.730525e-14
4.650000e+01 7.654173e-14
7.650000e+01 1.279080e-13
1.065000e+02 1.813449e-13
1.365000e+02 2.294799e-13
1.665000e+02 2.651440e-13
1.965000e+02 3.088921e-13
2.265000e+02 3.350235e-13
2.565000e+02 3.543333e-13
2.865000e+02 3.831499e-13
3.165000e+02 4.143037e-13
3.465000e+02 4.333223e-13
3.765000e+02 4.623204e-13
4.065000e+02 4.806258e-13
4.365000e+02 5.170609e-13
4.665000e+02 5.299980e-13
4.965000e+02 5.572927e-13
5.265000e+02 5.875261e-13
5.565000e+02 6.047949e-13
5.865000e+02 6.293838e-13
6.165000e+02 6.472542e-13
6.465000e+02 6.793058e-13
6.765000e+02 6.891882e-13
7.065000e+02 7.218392e-13
7.365000e+02 7.512750e-13
7.665000e+02 7.680946e-13
7.965000e+02 7.918515e-13
8.265000e+02 8.001350e-13
8.565000e+02 8.301548e-13
8.865000e+02 8.503569e-13
9.165000e+02 8.661923e-13
9.465000e+02 8.916575e-13
9.765000e+02 9.166923e-13
1.006500e+03 9.245362e-13
1.036500e+03 9.457234e-13
1.066500e+03 9.645085e-13
1.096500e+03 9.797344e-13
1.126500e+03 9.860293e-13
1.156500e+03 1.015049e-12
1.186500e+03 1.025939e-12
1.216500e+03 1.053333e-12
1.246500e+03 1.069957e-12
1.276500e+03 1.079719e-12
1.306500e+03 1.093849e-12
1.336500e+03 1.103252e-12
1.366500e+03 1.129968e-12
1.396500e+03 1.125372e-12
1.426500e+03 1.145104e-12
1.456500e+03 1.158717e-12
1.486500e+03 1.165473e-12
1.516500e+03 1.175136e-12
1.546500e+03 1.191617e-12
1.576500e+03 1.204773e-12
1.606500e+03 1.214324e-12
1.636500e+03 1.218276e-12
1.666500e+03 1.237425e-12
1.696500e+03 1.254811e-12
1.726500e+03 1.260287e-12
1.756500e+03 1.266185e-12
1.786500e+03 1.274634e-12
1.816500e+03 1.274462e-12
1.846500e+03 1.281674e-12
1.876500e+03 1.286637e-12
1.906500e+03 1.299980e-12
1.936500e+03 1.321272e-12
1.966500e+03 1.318606e-12
1.996500e+03 1.331842e-12
2.026500e+03 1.327681e-12
2.056500e+03 1.334890e-12
2.086500e+03 1.342336e-12
2.116500e+03 1.354714e-12
2.146500e+03 1.353860e-12
2.176500e+03 1.359878e-12
2.206500e+03 1.375763e-12
2.236500e+03 1.378014e-12
2.266500e+03 1.386091e-12
2.296500e+03 1.391705e-12
2.326500e+03 1.387428e-12
2.356500e+03 1.396494e-12
2.386500e+03 1.397179e-12
2.416500e+03 1.404952e-12
2.446500e+03 1.402929e-12
2.476500e+03 1.401460e-12
2.506500e+03 1.423678e-12
2.536500e+03 1.431052e-12
2.566500e+03 1.427857e-12
2.596500e+03 1.416487e-12
2.626500e+03 1.431375e-12
2.656500e+03 1.431551e-12
2.686500e+03 1.432936e-12
2.716500e+03 1.440033e-12
2.746500e+03 1.442419e-12
2.776500e+03 1.444215e-12
2.806500e+03 1.449960e-12
2.836500e+03 1.449132e-12
2.866500e+03 1.451841e-12
2.896500e+03 1.450198e-12
2.926500e+03 1.455648e-12
2.956500e+03 1.448413e-12
2.986500e+03 1.456661e-12
3.016500e+03 1.461177e-12
3.046500e+03 1.451231e-12
3.076500e+03 1.461882e-12
3.106500e+03 1.457215e-12
3.136500e+03 1.454518e-12
3.166500e+03 1.460283e-12
3.196500e+03 1.461582e-12
3.226500e+03 1.451510e-12
3.256500e+03 1.460150e-12
3.286500e+03 1.480613e-12
3.316500e+03 1.475824e-12
3.346500e+03 1.471793e-12
3.376500e+03 1.470543e-12
3.406500e+03 1.470219e-12
3.436500e+03 1.475077e-12
3.466500e+03 1.462406e-12
3.496500e+03 1.463193e-12
3.526500e+03 1.458746e-12
3.556500e+03 1.459737e-12
3.586500e+03 1.460106e-12
3.616500e+03 1.458333e-12
3.646500e+03 1.466109e-12
3.676500e+03 1.456397e-12
3.706500e+03 1.455142e-12
3.736500e+03 1.462233e-12
3.766500e+03 1.456840e-12
3.796500e+03 1.453249e-12
3.826500e+03 1.457597e-12
3.856500e+03 1.456255e-12
3.886500e+03 1.447447e-12
3.916500e+03 1.451482e-12
3.946500e+03 1.444802e-12
3.976500e+03 1.448551e-12
4.006500e+03 1.440873e-12
4.036500e+03 1.447856e-12
4.066500e+03 1.442735e-12
4.096500e+03 1.444814e-12
4.126500e+03 1.432444e-12
4.156500e+03 1.439676e-12
4.186500e+03 1.439942e-12
4.216500e+03 1.424270e-12
4.246500e+03 1.435117e-12
4.276500e+03 1.434276e-12
4.306500e+03 1.427040e-12
4.336500e+03 1.429166e-12
4.366500e+03 1.421179e-12
4.396500e+03 1.421576e-12
4.426500e+03 1.412440e-12
4.456500e+03 1.414653e-12
4.486500e+03 1.409137e-12
4.516500e+03 1.405847e-12
4.546500e+03 1.401299e-12
4.576500e+03 1.402825e-12
4.606500e+03 1.406550e-12
4.636500e+03 1.396882e-12
4.666500e+03 1.395461e-12
4.696500e+03 1.390541e-12
4.726500e+03 1.395014e-12
4.756500e+03 1.385143e-12
4.786500e+03 1.381730e-12
4.816500e+03 1.388878e-12
4.846500e+03 1.384744e-12
4.876500e+03 1.385119e-12
4.906500e+03 1.371087e-12
4.936500e+03 1.374437e-12
4.966500e+03 1.369729e-12
4.996500e+03 1.369509e-12
5.026500e+03 1.361208e-12
5.056500e+03 1.365759e-12
5.086500e+03 1.352361e-12
5.116500e+03 1.348475e-12
5.146500e+03 1.350455e-12
5.176500e+03 1.346666e-12
5.206500e+03 1.342093e-12
5.236500e+03 1.344217e-12
5.266500e+03 1.334637e-12
5.296500e+03 1.334314e-12
5.326500e+03 1.333102e-12
5.356500e+03 1.327791e-12
5.386500e+03 1.323443e-12
5.416500e+03 1.323715e-12
5.446500e+03 1.322685e-12
5.476500e+03 1.316023e-12
5.506500e+03 1.313985e-12
5.536500e+03 1.297369e-12
5.566500e+03 1.305464e-12
5.596500e+03 1.301672e-12
5.626500e+03 1.297236e-12
5.656500e+03 1.296192e-12
5.686500e+03 1.293063e-12
5.716500e+03 1.285402e-12
5.746500e+03 1.280818e-12
5.776500e+03 1.284506e-12
5.806500e+03 1.278371e-12
5.836500e+03 1.277112e-12
5.866500e+03 1.265964e-12
5.896500e+03 1.274727e-12
5.926500e+03 1.261213e-12
5.956500e+03 1.261085e-12
