# Mstar-1sigma qgt20
# ell  D_ell = ell(ell+1)C_ell/2pi
1.650000e+01 5.181437e-15
4.650000e+01 2.289562e-14
7.650000e+01 4.600544e-14
1.065000e+02 7.374807e-14
1.365000e+02 1.060508e-13
1.665000e+02 1.324676e-13
1.965000e+02 1.673427e-13
2.265000e+02 1.965988e-13
2.565000e+02 2.303369e-13
2.865000e+02 2.602218e-13
3.165000e+02 2.999574e-13
3.465000e+02 3.297709e-13
3.765000e+02 3.649079e-13
4.065000e+02 3.918059e-13
4.365000e+02 4.320664e-13
4.665000e+02 4.542284e-13
4.965000e+02 4.921314e-13
5.265000e+02 5.272876e-13
5.565000e+02 5.545463e-13
5.865000e+02 5.775654e-13
6.165000e+02 6.057991e-13
6.465000e+02 6.395847e-13
6.765000e+02 6.560996e-13
7.065000e+02 6.904895e-13
7.365000e+02 7.261909e-13
7.665000e+02 7.442294e-13
7.965000e+02 7.717856e-13
8.265000e+02 7.844625e-13
8.565000e+02 8.182630e-13
8.865000e+02 8.466390e-13
9.165000e+02 8.675541e-13
9.465000e+02 8.935275e-13
9.765000e+02 9.218820e-13
1.006500e+03 9.327762e-13
1.036500e+03 9.613497e-13
1.066500e+03 9.829298e-13
1.096500e+03 1.001112e-12
1.126500e+03 1.008854e-12
1.156500e+03 1.039233e-12
1.186500e+03 1.053739e-12
1.216500e+03 1.086022e-12
1.246500e+03 1.101893e-12
1.276500e+03 1.114477e-12
1.306500e+03 1.133671e-12
1.336500e+03 1.144962e-12
1.366500e+03 1.174100e-12
1.396500e+03 1.170287e-12
1.426500e+03 1.195400e-12
1.456500e+03 1.211873e-12
1.486500e+03 1.221335e-12
1.516500e+03 1.235164e-12
1.546500e+03 1.250018e-12
1.576500e+03 1.265109e-12
1.606500e+03 1.280864e-12
1.636500e+03 1.282287e-12
1.666500e+03 1.305539e-12
1.696500e+03 1.323090e-12
1.726500e+03 1.333073e-12
1.756500e+03 1.339724e-12
1.786500e+03 1.348070e-12
1.816500e+03 1.351810e-12
1.846500e+03 1.359868e-12
1.876500e+03 1.368759e-12
1.906500e+03 1.382939e-12
1.936500e+03 1.408588e-12
1.966500e+03 1.408242e-12
1.996500e+03 1.420621e-12
2.026500e+03 1.417592e-12
2.056500e+03 1.424113e-12
2.086500e+03 1.435582e-12
2.116500e+03 1.451137e-12
2.146500e+03 1.450593e-12
2.176500e+03 1.458508e-12
2.206500e+03 1.476242e-12
2.236500e+03 1.481858e-12
2.266500e+03 1.488730e-12
2.296500e+03 1.496476e-12
2.326500e+03 1.492211e-12
2.356500e+03 1.503425e-12
2.386500e+03 1.505260e-12
2.416500e+03 1.512103e-12
2.446500e+03 1.514591e-12
2.476500e+03 1.512147e-12
2.506500e+03 1.538056e-12
2.536500e+03 1.546081e-12
2.566500e+03 1.545122e-12
2.596500e+03 1.533238e-12
2.626500e+03 1.552305e-12
2.656500e+03 1.551620e-12
2.686500e+03 1.552625e-12
2.716500e+03 1.561887e-12
2.746500e+03 1.565374e-12
2.776500e+03 1.568435e-12
2.806500e+03 1.572569e-12
2.836500e+03 1.578112e-12
2.866500e+03 1.578220e-12
2.896500e+03 1.578681e-12
2.926500e+03 1.585253e-12
2.956500e+03 1.576519e-12
2.986500e+03 1.586231e-12
3.016500e+03 1.593793e-12
3.046500e+03 1.583580e-12
3.076500e+03 1.593941e-12
3.106500e+03 1.588981e-12
3.136500e+03 1.588609e-12
3.166500e+03 1.594497e-12
3.196500e+03 1.595815e-12
3.226500e+03 1.586560e-12
3.256500e+03 1.596600e-12
3.286500e+03 1.620420e-12
3.316500e+03 1.616508e-12
3.346500e+03 1.611667e-12
3.376500e+03 1.609496e-12
3.406500e+03 1.611194e-12
3.436500e+03 1.616731e-12
3.466500e+03 1.604955e-12
3.496500e+03 1.606846e-12
3.526500e+03 1.602062e-12
3.556500e+03 1.604488e-12
3.586500e+03 1.605809e-12
3.616500e+03 1.602895e-12
3.646500e+03 1.610234e-12
3.676500e+03 1.602669e-12
3.706500e+03 1.603110e-12
3.736500e+03 1.609851e-12
3.766500e+03 1.605272e-12
3.796500e+03 1.602994e-12
3.826500e+03 1.606166e-12
3.856500e+03 1.605105e-12
3.886500e+03 1.596494e-12
3.916500e+03 1.600550e-12
3.946500e+03 1.595305e-12
3.976500e+03 1.600759e-12
4.006500e+03 1.591857e-12
4.036500e+03 1.597799e-12
4.066500e+03 1.594984e-12
4.096500e+03 1.599011e-12
4.126500e+03 1.586048e-12
4.156500e+03 1.593544e-12
4.186500e+03 1.593697e-12
4.216500e+03 1.577966e-12
4.246500e+03 1.591187e-12
4.276500e+03 1.588621e-12
4.306500e+03 1.582037e-12
4.336500e+03 1.585166e-12
4.366500e+03 1.576828e-12
4.396500e+03 1.578308e-12
4.426500e+03 1.567394e-12
4.456500e+03 1.570524e-12
4.486500e+03 1.564955e-12
4.516500e+03 1.561988e-12
4.546500e+03 1.557766e-12
4.576500e+03 1.558619e-12
4.606500e+03 1.563561e-12
4.636500e+03 1.553656e-12
4.666500e+03 1.553379e-12
4.696500e+03 1.548104e-12
4.726500e+03 1.552503e-12
4.756500e+03 1.541486e-12
4.786500e+03 1.539202e-12
4.816500e+03 1.548958e-12
4.846500e+03 1.543649e-12
4.876500e+03 1.543101e-12
4.906500e+03 1.529880e-12
4.936500e+03 1.534047e-12
4.966500e+03 1.528546e-12
4.996500e+03 1.529182e-12
5.026500e+03 1.519037e-12
5.056500e+03 1.525175e-12
5.086500e+03 1.511807e-12
5.116500e+03 1.507807e-12
5.146500e+03 1.510366e-12
5.176500e+03 1.505622e-12
5.206500e+03 1.501312e-12
5.236500e+03 1.503589e-12
5.266500e+03 1.493440e-12
5.296500e+03 1.492979e-12
5.326500e+03 1.492956e-12
5.356500e+03 1.486476e-12
5.386500e+03 1.482850e-12
5.416500e+03 1.482845e-12
5.446500e+03 1.481887e-12
5.476500e+03 1.473678e-12
5.506500e+03 1.474709e-12
5.536500e+03 1.456727e-12
5.566500e+03 1.465491e-12
5.596500e+03 1.460386e-12
5.626500e+03 1.455608e-12
5.656500e+03 1.456075e-12
5.686500e+03 1.452386e-12
5.716500e+03 1.444385e-12
5.746500e+03 1.438034e-12
5.776500e+03 1.445622e-12
5.806500e+03 1.437271e-12
5.836500e+03 1.437146e-12
5.866500e+03 1.425739e-12
5.896500e+03 1.434996e-12
5.926500e+03 1.421347e-12
5.956500e+03 1.425416e-12
