# fgas-8sigma qgt10
# ell  D_ell = ell(ell+1)C_ell/2pi
1.650000e+01 4.161569e-15
4.650000e+01 1.835893e-14
7.650000e+01 3.638783e-14
1.065000e+02 5.568973e-14
1.365000e+02 7.722480e-14
1.665000e+02 9.932143e-14
1.965000e+02 1.215645e-13
2.265000e+02 1.463510e-13
2.565000e+02 1.700120e-13
2.865000e+02 1.912127e-13
3.165000e+02 2.230417e-13
3.465000e+02 2.454386e-13
3.765000e+02 2.721735e-13
4.065000e+02 2.941308e-13
4.365000e+02 3.226510e-13
4.665000e+02 3.388550e-13
4.965000e+02 3.652279e-13
5.265000e+02 3.944112e-13
5.565000e+02 4.159451e-13
5.865000e+02 4.342352e-13
6.165000e+02 4.552651e-13
6.465000e+02 4.790085e-13
6.765000e+02 4.942140e-13
7.065000e+02 5.166946e-13
7.365000e+02 5.459976e-13
7.665000e+02 5.612168e-13
7.965000e+02 5.839868e-13
8.265000e+02 5.932317e-13
8.565000e+02 6.201733e-13
8.865000e+02 6.363481e-13
9.165000e+02 6.536622e-13
9.465000e+02 6.746126e-13
9.765000e+02 6.958702e-13
1.006500e+03 7.039782e-13
1.036500e+03 7.260095e-13
1.066500e+03 7.444881e-13
1.096500e+03 7.553876e-13
1.126500e+03 7.665331e-13
1.156500e+03 7.857635e-13
1.186500e+03 7.977600e-13
1.216500e+03 8.213185e-13
1.246500e+03 8.300210e-13
1.276500e+03 8.406724e-13
1.306500e+03 8.534224e-13
1.336500e+03 8.635349e-13
1.366500e+03 8.844421e-13
1.396500e+03 8.827223e-13
1.426500e+03 8.959339e-13
1.456500e+03 9.086399e-13
1.486500e+03 9.163320e-13
1.516500e+03 9.264225e-13
1.546500e+03 9.348999e-13
1.576500e+03 9.447625e-13
1.606500e+03 9.546729e-13
1.636500e+03 9.515393e-13
1.666500e+03 9.728579e-13
1.696500e+03 9.831144e-13
1.726500e+03 9.914218e-13
1.756500e+03 9.906039e-13
1.786500e+03 9.989585e-13
1.816500e+03 9.996520e-13
1.846500e+03 1.002984e-12
1.876500e+03 1.006294e-12
1.906500e+03 1.018227e-12
1.936500e+03 1.034808e-12
1.966500e+03 1.026479e-12
1.996500e+03 1.036802e-12
2.026500e+03 1.034067e-12
2.056500e+03 1.040092e-12
2.086500e+03 1.042679e-12
2.116500e+03 1.056513e-12
2.146500e+03 1.051388e-12
2.176500e+03 1.055188e-12
2.206500e+03 1.066110e-12
2.236500e+03 1.067518e-12
2.266500e+03 1.071865e-12
2.296500e+03 1.074902e-12
2.326500e+03 1.070991e-12
2.356500e+03 1.077828e-12
2.386500e+03 1.078488e-12
2.416500e+03 1.077432e-12
2.446500e+03 1.082464e-12
2.476500e+03 1.077226e-12
2.506500e+03 1.091178e-12
2.536500e+03 1.094476e-12
2.566500e+03 1.092623e-12
2.596500e+03 1.082059e-12
2.626500e+03 1.093124e-12
2.656500e+03 1.092588e-12
2.686500e+03 1.090581e-12
2.716500e+03 1.092002e-12
2.746500e+03 1.095202e-12
2.776500e+03 1.094409e-12
2.806500e+03 1.094149e-12
2.836500e+03 1.098296e-12
2.866500e+03 1.095503e-12
2.896500e+03 1.093960e-12
2.926500e+03 1.097061e-12
2.956500e+03 1.086139e-12
2.986500e+03 1.089901e-12
3.016500e+03 1.091994e-12
3.046500e+03 1.086718e-12
3.076500e+03 1.090085e-12
3.106500e+03 1.088564e-12
3.136500e+03 1.083326e-12
3.166500e+03 1.083712e-12
3.196500e+03 1.085394e-12
3.226500e+03 1.077387e-12
3.256500e+03 1.081203e-12
3.286500e+03 1.092686e-12
3.316500e+03 1.089722e-12
3.346500e+03 1.083516e-12
3.376500e+03 1.081056e-12
3.406500e+03 1.077335e-12
3.436500e+03 1.079653e-12
3.466500e+03 1.073746e-12
3.496500e+03 1.070241e-12
3.526500e+03 1.063224e-12
3.556500e+03 1.063419e-12
3.586500e+03 1.063334e-12
3.616500e+03 1.060012e-12
3.646500e+03 1.060867e-12
3.676500e+03 1.055707e-12
3.706500e+03 1.054331e-12
3.736500e+03 1.053976e-12
3.766500e+03 1.050049e-12
3.796500e+03 1.046343e-12
3.826500e+03 1.046914e-12
3.856500e+03 1.043601e-12
3.886500e+03 1.036718e-12
3.916500e+03 1.038051e-12
3.946500e+03 1.034379e-12
3.976500e+03 1.033105e-12
4.006500e+03 1.025423e-12
4.036500e+03 1.028785e-12
4.066500e+03 1.025496e-12
4.096500e+03 1.026263e-12
4.126500e+03 1.014656e-12
4.156500e+03 1.018788e-12
4.186500e+03 1.015628e-12
4.216500e+03 1.001910e-12
4.246500e+03 1.009994e-12
4.276500e+03 1.007018e-12
4.306500e+03 9.998079e-13
4.336500e+03 1.000709e-12
4.366500e+03 9.947864e-13
4.396500e+03 9.927365e-13
4.426500e+03 9.837068e-13
4.456500e+03 9.834031e-13
4.486500e+03 9.780825e-13
4.516500e+03 9.759532e-13
4.546500e+03 9.718468e-13
4.576500e+03 9.690060e-13
4.606500e+03 9.709585e-13
4.636500e+03 9.626255e-13
4.666500e+03 9.610378e-13
4.696500e+03 9.549446e-13
4.726500e+03 9.574773e-13
4.756500e+03 9.488827e-13
4.786500e+03 9.455330e-13
4.816500e+03 9.488787e-13
4.846500e+03 9.432110e-13
4.876500e+03 9.440604e-13
4.906500e+03 9.324213e-13
4.936500e+03 9.326552e-13
4.966500e+03 9.286811e-13
4.996500e+03 9.267998e-13
5.026500e+03 9.197905e-13
5.056500e+03 9.218514e-13
5.086500e+03 9.111940e-13
5.116500e+03 9.067618e-13
5.146500e+03 9.068335e-13
5.176500e+03 9.034846e-13
5.206500e+03 8.984149e-13
5.236500e+03 8.979110e-13
5.266500e+03 8.918654e-13
5.296500e+03 8.894831e-13
5.326500e+03 8.881464e-13
5.356500e+03 8.824799e-13
5.386500e+03 8.785779e-13
5.416500e+03 8.765686e-13
5.446500e+03 8.750464e-13
5.476500e+03 8.684634e-13
5.506500e+03 8.665103e-13
5.536500e+03 8.550060e-13
5.566500e+03 8.595586e-13
5.596500e+03 8.566228e-13
5.626500e+03 8.513198e-13
5.656500e+03 8.484627e-13
5.686500e+03 8.453737e-13
5.716500e+03 8.398234e-13
5.746500e+03 8.353675e-13
5.776500e+03 8.366150e-13
5.806500e+03 8.321362e-13
5.836500e+03 8.288447e-13
5.866500e+03 8.220539e-13
5.896500e+03 8.257050e-13
5.926500e+03 8.190821e-13
5.956500e+03 8.220731e-13
