# fgas-4sigma qgt20
# ell  D_ell = ell(ell+1)C_ell/2pi
1.650000e+01 5.074301e-15
4.650000e+01 2.276190e-14
7.650000e+01 4.531970e-14
1.065000e+02 7.125018e-14
1.365000e+02 1.024182e-13
1.665000e+02 1.279968e-13
1.965000e+02 1.582269e-13
2.265000e+02 1.872718e-13
2.565000e+02 2.180440e-13
2.865000e+02 2.440813e-13
3.165000e+02 2.807189e-13
3.465000e+02 3.065774e-13
3.765000e+02 3.407432e-13
4.065000e+02 3.639199e-13
4.365000e+02 3.995915e-13
4.665000e+02 4.208218e-13
4.965000e+02 4.551244e-13
5.265000e+02 4.881102e-13
5.565000e+02 5.083684e-13
5.865000e+02 5.329011e-13
6.165000e+02 5.587415e-13
6.465000e+02 5.859428e-13
6.765000e+02 6.011908e-13
7.065000e+02 6.309479e-13
7.365000e+02 6.626030e-13
7.665000e+02 6.792257e-13
7.965000e+02 7.052023e-13
8.265000e+02 7.153678e-13
8.565000e+02 7.450565e-13
8.865000e+02 7.712955e-13
9.165000e+02 7.865392e-13
9.465000e+02 8.060462e-13
9.765000e+02 8.327605e-13
1.006500e+03 8.422857e-13
1.036500e+03 8.653379e-13
1.066500e+03 8.849533e-13
1.096500e+03 8.978370e-13
1.126500e+03 9.062347e-13
1.156500e+03 9.324565e-13
1.186500e+03 9.450785e-13
1.216500e+03 9.721405e-13
1.246500e+03 9.868621e-13
1.276500e+03 9.926880e-13
1.306500e+03 1.007917e-12
1.336500e+03 1.017215e-12
1.366500e+03 1.043113e-12
1.396500e+03 1.039311e-12
1.426500e+03 1.059697e-12
1.456500e+03 1.072863e-12
1.486500e+03 1.081853e-12
1.516500e+03 1.091734e-12
1.546500e+03 1.105672e-12
1.576500e+03 1.115624e-12
1.606500e+03 1.128099e-12
1.636500e+03 1.128769e-12
1.666500e+03 1.147001e-12
1.696500e+03 1.162527e-12
1.726500e+03 1.169234e-12
1.756500e+03 1.172466e-12
1.786500e+03 1.179588e-12
1.816500e+03 1.180087e-12
1.846500e+03 1.187842e-12
1.876500e+03 1.189834e-12
1.906500e+03 1.203078e-12
1.936500e+03 1.223219e-12
1.966500e+03 1.221184e-12
1.996500e+03 1.229878e-12
2.026500e+03 1.226670e-12
2.056500e+03 1.231804e-12
2.086500e+03 1.238794e-12
2.116500e+03 1.252297e-12
2.146500e+03 1.248971e-12
2.176500e+03 1.254504e-12
2.206500e+03 1.271195e-12
2.236500e+03 1.271464e-12
2.266500e+03 1.276682e-12
2.296500e+03 1.282596e-12
2.326500e+03 1.277280e-12
2.356500e+03 1.286846e-12
2.386500e+03 1.286714e-12
2.416500e+03 1.291447e-12
2.446500e+03 1.291527e-12
2.476500e+03 1.288482e-12
2.506500e+03 1.308561e-12
2.536500e+03 1.313368e-12
2.566500e+03 1.310877e-12
2.596500e+03 1.300517e-12
2.626500e+03 1.313759e-12
2.656500e+03 1.313038e-12
2.686500e+03 1.312477e-12
2.716500e+03 1.318232e-12
2.746500e+03 1.320290e-12
2.776500e+03 1.321203e-12
2.806500e+03 1.324605e-12
2.836500e+03 1.326498e-12
2.866500e+03 1.325767e-12
2.896500e+03 1.323225e-12
2.926500e+03 1.328588e-12
2.956500e+03 1.320476e-12
2.986500e+03 1.325226e-12
3.016500e+03 1.330749e-12
3.046500e+03 1.320952e-12
3.076500e+03 1.327506e-12
3.106500e+03 1.324477e-12
3.136500e+03 1.321167e-12
3.166500e+03 1.325421e-12
3.196500e+03 1.324996e-12
3.226500e+03 1.316469e-12
3.256500e+03 1.322987e-12
3.286500e+03 1.340246e-12
3.316500e+03 1.336360e-12
3.346500e+03 1.331055e-12
3.376500e+03 1.328953e-12
3.406500e+03 1.328205e-12
3.436500e+03 1.330919e-12
3.466500e+03 1.322476e-12
3.496500e+03 1.320730e-12
3.526500e+03 1.314430e-12
3.556500e+03 1.315593e-12
3.586500e+03 1.315765e-12
3.616500e+03 1.311664e-12
3.646500e+03 1.316683e-12
3.676500e+03 1.309318e-12
3.706500e+03 1.308835e-12
3.736500e+03 1.311896e-12
3.766500e+03 1.307052e-12
3.796500e+03 1.304388e-12
3.826500e+03 1.305660e-12
3.856500e+03 1.302229e-12
3.886500e+03 1.295233e-12
3.916500e+03 1.297894e-12
3.946500e+03 1.293042e-12
3.976500e+03 1.294145e-12
4.006500e+03 1.286950e-12
4.036500e+03 1.291224e-12
4.066500e+03 1.286706e-12
4.096500e+03 1.288776e-12
4.126500e+03 1.277367e-12
4.156500e+03 1.283466e-12
4.186500e+03 1.281270e-12
4.216500e+03 1.267273e-12
4.246500e+03 1.275663e-12
4.276500e+03 1.274214e-12
4.306500e+03 1.265711e-12
4.336500e+03 1.267916e-12
4.366500e+03 1.260720e-12
4.396500e+03 1.261250e-12
4.426500e+03 1.250667e-12
4.456500e+03 1.252011e-12
4.486500e+03 1.246818e-12
4.516500e+03 1.243138e-12
4.546500e+03 1.239603e-12
4.576500e+03 1.237551e-12
4.606500e+03 1.241482e-12
4.636500e+03 1.232068e-12
4.666500e+03 1.230734e-12
4.696500e+03 1.224999e-12
4.726500e+03 1.228247e-12
4.756500e+03 1.218618e-12
4.786500e+03 1.214299e-12
4.816500e+03 1.222010e-12
4.846500e+03 1.215656e-12
4.876500e+03 1.216147e-12
4.906500e+03 1.203700e-12
4.936500e+03 1.204758e-12
4.966500e+03 1.199413e-12
4.996500e+03 1.199501e-12
5.026500e+03 1.191066e-12
5.056500e+03 1.195032e-12
5.086500e+03 1.182171e-12
5.116500e+03 1.179149e-12
5.146500e+03 1.179053e-12
5.176500e+03 1.175603e-12
5.206500e+03 1.169867e-12
5.236500e+03 1.171689e-12
5.266500e+03 1.163453e-12
5.296500e+03 1.162129e-12
5.326500e+03 1.160354e-12
5.356500e+03 1.154624e-12
5.386500e+03 1.150194e-12
5.416500e+03 1.149165e-12
5.446500e+03 1.148337e-12
5.476500e+03 1.141200e-12
5.506500e+03 1.139024e-12
5.536500e+03 1.124841e-12
5.566500e+03 1.131233e-12
5.596500e+03 1.127758e-12
5.626500e+03 1.122863e-12
5.656500e+03 1.120239e-12
5.686500e+03 1.116738e-12
5.716500e+03 1.110402e-12
5.746500e+03 1.105853e-12
5.776500e+03 1.107475e-12
5.806500e+03 1.101775e-12
5.836500e+03 1.100627e-12
5.866500e+03 1.091369e-12
5.896500e+03 1.097222e-12
5.926500e+03 1.086036e-12
5.956500e+03 1.088023e-12
