# fgas+2sigma fullsky
# ell  D_ell = ell(ell+1)C_ell/2pi
1.650000e+01 1.667734e-14
4.650000e+01 7.413063e-14
7.650000e+01 1.255253e-13
1.065000e+02 1.801084e-13
1.365000e+02 2.296831e-13
1.665000e+02 2.689436e-13
1.965000e+02 3.161885e-13
2.265000e+02 3.472291e-13
2.565000e+02 3.676302e-13
2.865000e+02 3.996950e-13
3.165000e+02 4.333564e-13
3.465000e+02 4.532385e-13
3.765000e+02 4.824483e-13
4.065000e+02 5.013947e-13
4.365000e+02 5.404545e-13
4.665000e+02 5.541074e-13
4.965000e+02 5.816567e-13
5.265000e+02 6.125466e-13
5.565000e+02 6.310779e-13
5.865000e+02 6.558980e-13
6.165000e+02 6.752266e-13
6.465000e+02 7.091306e-13
6.765000e+02 7.187772e-13
7.065000e+02 7.525182e-13
7.365000e+02 7.839710e-13
7.665000e+02 8.021598e-13
7.965000e+02 8.271308e-13
8.265000e+02 8.364630e-13
8.565000e+02 8.687673e-13
8.865000e+02 8.895124e-13
9.165000e+02 9.095373e-13
9.465000e+02 9.357258e-13
9.765000e+02 9.628806e-13
1.006500e+03 9.716895e-13
1.036500e+03 9.963760e-13
1.066500e+03 1.015875e-12
1.096500e+03 1.032617e-12
1.126500e+03 1.041181e-12
1.156500e+03 1.072612e-12
1.186500e+03 1.083966e-12
1.216500e+03 1.114125e-12
1.246500e+03 1.133562e-12
1.276500e+03 1.145874e-12
1.306500e+03 1.161480e-12
1.336500e+03 1.171919e-12
1.366500e+03 1.202731e-12
1.396500e+03 1.199280e-12
1.426500e+03 1.220614e-12
1.456500e+03 1.235072e-12
1.486500e+03 1.243406e-12
1.516500e+03 1.254995e-12
1.546500e+03 1.274190e-12
1.576500e+03 1.289031e-12
1.606500e+03 1.302012e-12
1.636500e+03 1.306690e-12
1.666500e+03 1.328913e-12
1.696500e+03 1.348471e-12
1.726500e+03 1.355192e-12
1.756500e+03 1.362944e-12
1.786500e+03 1.374509e-12
1.816500e+03 1.374361e-12
1.846500e+03 1.383475e-12
1.876500e+03 1.393479e-12
1.906500e+03 1.406553e-12
1.936500e+03 1.431835e-12
1.966500e+03 1.430820e-12
1.996500e+03 1.446952e-12
2.026500e+03 1.444881e-12
2.056500e+03 1.453551e-12
2.086500e+03 1.461781e-12
2.116500e+03 1.477112e-12
2.146500e+03 1.478407e-12
2.176500e+03 1.486041e-12
2.206500e+03 1.504399e-12
2.236500e+03 1.508868e-12
2.266500e+03 1.520072e-12
2.296500e+03 1.526935e-12
2.326500e+03 1.523330e-12
2.356500e+03 1.533973e-12
2.386500e+03 1.537627e-12
2.416500e+03 1.546872e-12
2.446500e+03 1.545838e-12
2.476500e+03 1.546287e-12
2.506500e+03 1.573170e-12
2.536500e+03 1.582009e-12
2.566500e+03 1.580038e-12
2.596500e+03 1.570236e-12
2.626500e+03 1.590509e-12
2.656500e+03 1.588928e-12
2.686500e+03 1.593463e-12
2.716500e+03 1.603090e-12
2.746500e+03 1.607136e-12
2.776500e+03 1.610370e-12
2.806500e+03 1.617937e-12
2.836500e+03 1.620038e-12
2.866500e+03 1.623229e-12
2.896500e+03 1.624823e-12
2.926500e+03 1.632743e-12
2.956500e+03 1.626577e-12
2.986500e+03 1.638207e-12
3.016500e+03 1.644549e-12
3.046500e+03 1.633395e-12
3.076500e+03 1.647760e-12
3.106500e+03 1.644140e-12
3.136500e+03 1.643675e-12
3.166500e+03 1.651201e-12
3.196500e+03 1.654045e-12
3.226500e+03 1.645096e-12
3.256500e+03 1.655218e-12
3.286500e+03 1.680770e-12
3.316500e+03 1.676429e-12
3.346500e+03 1.671538e-12
3.376500e+03 1.673592e-12
3.406500e+03 1.676364e-12
3.436500e+03 1.684098e-12
3.466500e+03 1.670051e-12
3.496500e+03 1.673916e-12
3.526500e+03 1.670702e-12
3.556500e+03 1.673067e-12
3.586500e+03 1.675232e-12
3.616500e+03 1.673072e-12
3.646500e+03 1.685040e-12
3.676500e+03 1.677700e-12
3.706500e+03 1.677277e-12
3.736500e+03 1.686311e-12
3.766500e+03 1.682018e-12
3.796500e+03 1.680007e-12
3.826500e+03 1.686035e-12
3.856500e+03 1.686849e-12
3.886500e+03 1.679681e-12
3.916500e+03 1.684745e-12
3.946500e+03 1.677543e-12
3.976500e+03 1.683163e-12
4.006500e+03 1.677156e-12
4.036500e+03 1.684709e-12
4.066500e+03 1.681193e-12
4.096500e+03 1.685547e-12
4.126500e+03 1.673937e-12
4.156500e+03 1.684183e-12
4.186500e+03 1.685488e-12
4.216500e+03 1.670680e-12
4.246500e+03 1.685582e-12
4.276500e+03 1.685322e-12
4.306500e+03 1.678824e-12
4.336500e+03 1.681343e-12
4.366500e+03 1.673811e-12
4.396500e+03 1.675796e-12
4.426500e+03 1.666928e-12
4.456500e+03 1.670869e-12
4.486500e+03 1.668263e-12
4.516500e+03 1.664507e-12
4.546500e+03 1.659956e-12
4.576500e+03 1.664190e-12
4.606500e+03 1.670241e-12
4.636500e+03 1.660838e-12
4.666500e+03 1.660637e-12
4.696500e+03 1.656066e-12
4.726500e+03 1.662459e-12
4.756500e+03 1.652292e-12
4.786500e+03 1.651197e-12
4.816500e+03 1.661711e-12
4.846500e+03 1.657847e-12
4.876500e+03 1.659490e-12
4.906500e+03 1.645682e-12
4.936500e+03 1.650575e-12
4.966500e+03 1.645664e-12
4.996500e+03 1.646765e-12
5.026500e+03 1.638709e-12
5.056500e+03 1.646300e-12
5.086500e+03 1.632446e-12
5.116500e+03 1.628344e-12
5.146500e+03 1.633841e-12
5.176500e+03 1.629320e-12
5.206500e+03 1.625851e-12
5.236500e+03 1.630378e-12
5.266500e+03 1.620680e-12
5.296500e+03 1.621334e-12
5.326500e+03 1.621160e-12
5.356500e+03 1.616169e-12
5.386500e+03 1.613327e-12
5.416500e+03 1.615693e-12
5.446500e+03 1.613694e-12
5.476500e+03 1.607471e-12
5.506500e+03 1.607943e-12
5.536500e+03 1.591503e-12
5.566500e+03 1.599490e-12
5.596500e+03 1.597120e-12
5.626500e+03 1.591779e-12
5.656500e+03 1.593739e-12
5.686500e+03 1.591626e-12
5.716500e+03 1.584517e-12
5.746500e+03 1.578669e-12
5.776500e+03 1.586750e-12
5.806500e+03 1.579415e-12
5.836500e+03 1.580348e-12
5.866500e+03 1.568538e-12
5.896500e+03 1.580230e-12
5.926500e+03 1.566854e-12
5.956500e+03 1.565896e-12
