# Jet_fgas-4sigma fullsky
# ell  D_ell = ell(ell+1)C_ell/2pi
1.650000e+01 1.789875e-14
4.650000e+01 7.742554e-14
7.650000e+01 1.252728e-13
1.065000e+02 1.727151e-13
1.365000e+02 2.144171e-13
1.665000e+02 2.457571e-13
1.965000e+02 2.848380e-13
2.265000e+02 3.077346e-13
2.565000e+02 3.270477e-13
2.865000e+02 3.535734e-13
3.165000e+02 3.824258e-13
3.465000e+02 4.017675e-13
3.765000e+02 4.302178e-13
4.065000e+02 4.466538e-13
4.365000e+02 4.798667e-13
4.665000e+02 4.918093e-13
4.965000e+02 5.166339e-13
5.265000e+02 5.440054e-13
5.565000e+02 5.584151e-13
5.865000e+02 5.802349e-13
6.165000e+02 5.965517e-13
6.465000e+02 6.228212e-13
6.765000e+02 6.322843e-13
7.065000e+02 6.602778e-13
7.365000e+02 6.846491e-13
7.665000e+02 7.000732e-13
7.965000e+02 7.202311e-13
8.265000e+02 7.273217e-13
8.565000e+02 7.535538e-13
8.865000e+02 7.705140e-13
9.165000e+02 7.824802e-13
9.465000e+02 8.040272e-13
9.765000e+02 8.265645e-13
1.006500e+03 8.323616e-13
1.036500e+03 8.479564e-13
1.066500e+03 8.651036e-13
1.096500e+03 8.769370e-13
1.126500e+03 8.811323e-13
1.156500e+03 9.064706e-13
1.186500e+03 9.143487e-13
1.216500e+03 9.368816e-13
1.246500e+03 9.509358e-13
1.276500e+03 9.564236e-13
1.306500e+03 9.672308e-13
1.336500e+03 9.753013e-13
1.366500e+03 9.966912e-13
1.396500e+03 9.931584e-13
1.426500e+03 1.007288e-12
1.456500e+03 1.017919e-12
1.486500e+03 1.021821e-12
1.516500e+03 1.029099e-12
1.546500e+03 1.042584e-12
1.576500e+03 1.050922e-12
1.606500e+03 1.057691e-12
1.636500e+03 1.060158e-12
1.666500e+03 1.074219e-12
1.696500e+03 1.089289e-12
1.726500e+03 1.092227e-12
1.756500e+03 1.094741e-12
1.786500e+03 1.101890e-12
1.816500e+03 1.099246e-12
1.846500e+03 1.103585e-12
1.876500e+03 1.104750e-12
1.906500e+03 1.117071e-12
1.936500e+03 1.133159e-12
1.966500e+03 1.128696e-12
1.996500e+03 1.139194e-12
2.026500e+03 1.133148e-12
2.056500e+03 1.136756e-12
2.086500e+03 1.142258e-12
2.116500e+03 1.152779e-12
2.146500e+03 1.149134e-12
2.176500e+03 1.153292e-12
2.206500e+03 1.166841e-12
2.236500e+03 1.165107e-12
2.266500e+03 1.171412e-12
2.296500e+03 1.174535e-12
2.326500e+03 1.170049e-12
2.356500e+03 1.176648e-12
2.386500e+03 1.175897e-12
2.416500e+03 1.179766e-12
2.446500e+03 1.177199e-12
2.476500e+03 1.174860e-12
2.506500e+03 1.191649e-12
2.536500e+03 1.195528e-12
2.566500e+03 1.192690e-12
2.596500e+03 1.181425e-12
2.626500e+03 1.192755e-12
2.656500e+03 1.191924e-12
2.686500e+03 1.192541e-12
2.716500e+03 1.195363e-12
2.746500e+03 1.197418e-12
2.776500e+03 1.197752e-12
2.806500e+03 1.199133e-12
2.836500e+03 1.198434e-12
2.866500e+03 1.198864e-12
2.896500e+03 1.196627e-12
2.926500e+03 1.200996e-12
2.956500e+03 1.193915e-12
2.986500e+03 1.196247e-12
3.016500e+03 1.199574e-12
3.046500e+03 1.191052e-12
3.076500e+03 1.198102e-12
3.106500e+03 1.194369e-12
3.136500e+03 1.189324e-12
3.166500e+03 1.192831e-12
3.196500e+03 1.192297e-12
3.226500e+03 1.184006e-12
3.256500e+03 1.189040e-12
3.286500e+03 1.204931e-12
3.316500e+03 1.199216e-12
3.346500e+03 1.195060e-12
3.376500e+03 1.192559e-12
3.406500e+03 1.191022e-12
3.436500e+03 1.193017e-12
3.466500e+03 1.183153e-12
3.496500e+03 1.183139e-12
3.526500e+03 1.176375e-12
3.556500e+03 1.177522e-12
3.586500e+03 1.174964e-12
3.616500e+03 1.174329e-12
3.646500e+03 1.179182e-12
3.676500e+03 1.169817e-12
3.706500e+03 1.168477e-12
3.736500e+03 1.172417e-12
3.766500e+03 1.166441e-12
3.796500e+03 1.163146e-12
3.826500e+03 1.164732e-12
3.856500e+03 1.163913e-12
3.886500e+03 1.155437e-12
3.916500e+03 1.158334e-12
3.946500e+03 1.151290e-12
3.976500e+03 1.152180e-12
4.006500e+03 1.145866e-12
4.036500e+03 1.151216e-12
4.066500e+03 1.145625e-12
4.096500e+03 1.146048e-12
4.126500e+03 1.135232e-12
4.156500e+03 1.139682e-12
4.186500e+03 1.138645e-12
4.216500e+03 1.125572e-12
4.246500e+03 1.132383e-12
4.276500e+03 1.132635e-12
4.306500e+03 1.125716e-12
4.336500e+03 1.126739e-12
4.366500e+03 1.119383e-12
4.396500e+03 1.117941e-12
4.426500e+03 1.109954e-12
4.456500e+03 1.110877e-12
4.486500e+03 1.104030e-12
4.516500e+03 1.103537e-12
4.546500e+03 1.098737e-12
4.576500e+03 1.098203e-12
4.606500e+03 1.099663e-12
4.636500e+03 1.091095e-12
4.666500e+03 1.089392e-12
4.696500e+03 1.085065e-12
4.726500e+03 1.087438e-12
4.756500e+03 1.079764e-12
4.786500e+03 1.076974e-12
4.816500e+03 1.081199e-12
4.846500e+03 1.075575e-12
4.876500e+03 1.076169e-12
4.906500e+03 1.064652e-12
4.936500e+03 1.065154e-12
4.966500e+03 1.061598e-12
4.996500e+03 1.060797e-12
5.026500e+03 1.053637e-12
5.056500e+03 1.056240e-12
5.086500e+03 1.045098e-12
5.116500e+03 1.041396e-12
5.146500e+03 1.041955e-12
5.176500e+03 1.039315e-12
5.206500e+03 1.033689e-12
5.236500e+03 1.035182e-12
5.266500e+03 1.027145e-12
5.296500e+03 1.026345e-12
5.326500e+03 1.024986e-12
5.356500e+03 1.019640e-12
5.386500e+03 1.014221e-12
5.416500e+03 1.014033e-12
5.446500e+03 1.013379e-12
5.476500e+03 1.007842e-12
5.506500e+03 1.005667e-12
5.536500e+03 9.916995e-13
5.566500e+03 9.980625e-13
5.596500e+03 9.944225e-13
5.626500e+03 9.900176e-13
5.656500e+03 9.883617e-13
5.686500e+03 9.851339e-13
5.716500e+03 9.787289e-13
5.746500e+03 9.745971e-13
5.776500e+03 9.765711e-13
5.806500e+03 9.718068e-13
5.836500e+03 9.706471e-13
5.866500e+03 9.609093e-13
5.896500e+03 9.676068e-13
5.926500e+03 9.561480e-13
5.956500e+03 9.546490e-13
