# Jet qgt1
# ell  D_ell = ell(ell+1)C_ell/2pi
1.650000e+01 1.506371e-15
4.650000e+01 7.842544e-15
7.650000e+01 1.678668e-14
1.065000e+02 2.591920e-14
1.365000e+02 3.616683e-14
1.665000e+02 4.758911e-14
1.965000e+02 5.453323e-14
2.265000e+02 6.549667e-14
2.565000e+02 7.852939e-14
2.865000e+02 8.965762e-14
3.165000e+02 1.038314e-13
3.465000e+02 1.127558e-13
3.765000e+02 1.296607e-13
4.065000e+02 1.397917e-13
4.365000e+02 1.542455e-13
4.665000e+02 1.679853e-13
4.965000e+02 1.772345e-13
5.265000e+02 1.965138e-13
5.565000e+02 2.103226e-13
5.865000e+02 2.273251e-13
6.165000e+02 2.400456e-13
6.465000e+02 2.530979e-13
6.765000e+02 2.584345e-13
7.065000e+02 2.779617e-13
7.365000e+02 2.953037e-13
7.665000e+02 3.105257e-13
7.965000e+02 3.263375e-13
8.265000e+02 3.385396e-13
8.565000e+02 3.517607e-13
8.865000e+02 3.711296e-13
9.165000e+02 3.819776e-13
9.465000e+02 3.971526e-13
9.765000e+02 4.044372e-13
1.006500e+03 4.289228e-13
1.036500e+03 4.492602e-13
1.066500e+03 4.565940e-13
1.096500e+03 4.677915e-13
1.126500e+03 4.837770e-13
1.156500e+03 4.917103e-13
1.186500e+03 5.027263e-13
1.216500e+03 5.274750e-13
1.246500e+03 5.392261e-13
1.276500e+03 5.514261e-13
1.306500e+03 5.658080e-13
1.336500e+03 5.665056e-13
1.366500e+03 5.986562e-13
1.396500e+03 5.982249e-13
1.426500e+03 6.091617e-13
1.456500e+03 6.201085e-13
1.486500e+03 6.425206e-13
1.516500e+03 6.498264e-13
1.546500e+03 6.542661e-13
1.576500e+03 6.755030e-13
1.606500e+03 6.742989e-13
1.636500e+03 6.908801e-13
1.666500e+03 7.051300e-13
1.696500e+03 7.175924e-13
1.726500e+03 7.205529e-13
1.756500e+03 7.397306e-13
1.786500e+03 7.440960e-13
1.816500e+03 7.548573e-13
1.846500e+03 7.567568e-13
1.876500e+03 7.754181e-13
1.906500e+03 7.906207e-13
1.936500e+03 7.877452e-13
1.966500e+03 7.969782e-13
1.996500e+03 8.147379e-13
2.026500e+03 8.144033e-13
2.056500e+03 8.373715e-13
2.086500e+03 8.405226e-13
2.116500e+03 8.498128e-13
2.146500e+03 8.592366e-13
2.176500e+03 8.787987e-13
2.206500e+03 8.880104e-13
2.236500e+03 8.846743e-13
2.266500e+03 8.873173e-13
2.296500e+03 9.065887e-13
2.326500e+03 9.039251e-13
2.356500e+03 9.099560e-13
2.386500e+03 9.203502e-13
2.416500e+03 9.290667e-13
2.446500e+03 9.280141e-13
2.476500e+03 9.345248e-13
2.506500e+03 9.585983e-13
2.536500e+03 9.623368e-13
2.566500e+03 9.575841e-13
2.596500e+03 9.768085e-13
2.626500e+03 9.787675e-13
2.656500e+03 9.768714e-13
2.686500e+03 9.888208e-13
2.716500e+03 1.002523e-12
2.746500e+03 1.001074e-12
2.776500e+03 9.983553e-13
2.806500e+03 1.011010e-12
2.836500e+03 1.017961e-12
2.866500e+03 1.019703e-12
2.896500e+03 1.039330e-12
2.926500e+03 1.036233e-12
2.956500e+03 1.033288e-12
2.986500e+03 1.040698e-12
3.016500e+03 1.044108e-12
3.046500e+03 1.038500e-12
3.076500e+03 1.055892e-12
3.106500e+03 1.062958e-12
3.136500e+03 1.062773e-12
3.166500e+03 1.065086e-12
3.196500e+03 1.072423e-12
3.226500e+03 1.064623e-12
3.256500e+03 1.072294e-12
3.286500e+03 1.089340e-12
3.316500e+03 1.086879e-12
3.346500e+03 1.099032e-12
3.376500e+03 1.090235e-12
3.406500e+03 1.095313e-12
3.436500e+03 1.099220e-12
3.466500e+03 1.097876e-12
3.496500e+03 1.107835e-12
3.526500e+03 1.096237e-12
3.556500e+03 1.105676e-12
3.586500e+03 1.109346e-12
3.616500e+03 1.120114e-12
3.646500e+03 1.114763e-12
3.676500e+03 1.115742e-12
3.706500e+03 1.120739e-12
3.736500e+03 1.127531e-12
3.766500e+03 1.136016e-12
3.796500e+03 1.123513e-12
3.826500e+03 1.132202e-12
3.856500e+03 1.138623e-12
3.886500e+03 1.126803e-12
3.916500e+03 1.139152e-12
3.946500e+03 1.128712e-12
3.976500e+03 1.140439e-12
4.006500e+03 1.135392e-12
4.036500e+03 1.146332e-12
4.066500e+03 1.134939e-12
4.096500e+03 1.141282e-12
4.126500e+03 1.146649e-12
4.156500e+03 1.147883e-12
4.186500e+03 1.144574e-12
4.216500e+03 1.152310e-12
4.246500e+03 1.139647e-12
4.276500e+03 1.150903e-12
4.306500e+03 1.152065e-12
4.336500e+03 1.149880e-12
4.366500e+03 1.140766e-12
4.396500e+03 1.156107e-12
4.426500e+03 1.147348e-12
4.456500e+03 1.151647e-12
4.486500e+03 1.150574e-12
4.516500e+03 1.159717e-12
4.546500e+03 1.159087e-12
4.576500e+03 1.155167e-12
4.606500e+03 1.147331e-12
4.636500e+03 1.142360e-12
4.666500e+03 1.146027e-12
4.696500e+03 1.156588e-12
4.726500e+03 1.145640e-12
4.756500e+03 1.155575e-12
4.786500e+03 1.148182e-12
4.816500e+03 1.160522e-12
4.846500e+03 1.159218e-12
4.876500e+03 1.153730e-12
4.906500e+03 1.141743e-12
4.936500e+03 1.148670e-12
4.966500e+03 1.146740e-12
4.996500e+03 1.145712e-12
5.026500e+03 1.154685e-12
5.056500e+03 1.157135e-12
5.086500e+03 1.144091e-12
5.116500e+03 1.142598e-12
5.146500e+03 1.154071e-12
5.176500e+03 1.142465e-12
5.206500e+03 1.145850e-12
5.236500e+03 1.153484e-12
5.266500e+03 1.145151e-12
5.296500e+03 1.137600e-12
5.326500e+03 1.141827e-12
5.356500e+03 1.139334e-12
5.386500e+03 1.139891e-12
5.416500e+03 1.137521e-12
5.446500e+03 1.143103e-12
5.476500e+03 1.138817e-12
5.506500e+03 1.138038e-12
5.536500e+03 1.132401e-12
5.566500e+03 1.140329e-12
5.596500e+03 1.140462e-12
5.626500e+03 1.129086e-12
5.656500e+03 1.139646e-12
5.686500e+03 1.135757e-12
5.716500e+03 1.135152e-12
5.746500e+03 1.132418e-12
5.776500e+03 1.150289e-12
5.806500e+03 1.151886e-12
5.836500e+03 1.163529e-12
5.866500e+03 1.189785e-12
5.896500e+03 1.239872e-12
5.926500e+03 1.290374e-12
5.956500e+03 1.400245e-12
