# Jet fullsky
# ell  D_ell = ell(ell+1)C_ell/2pi
1.650000e+01 1.617954e-14
4.650000e+01 7.087370e-14
7.650000e+01 1.178795e-13
1.065000e+02 1.669798e-13
1.365000e+02 2.109224e-13
1.665000e+02 2.444333e-13
1.965000e+02 2.866787e-13
2.265000e+02 3.131938e-13
2.565000e+02 3.336467e-13
2.865000e+02 3.612516e-13
3.165000e+02 3.911411e-13
3.465000e+02 4.098792e-13
3.765000e+02 4.383963e-13
4.065000e+02 4.561241e-13
4.365000e+02 4.928043e-13
4.665000e+02 5.052894e-13
4.965000e+02 5.314562e-13
5.265000e+02 5.605886e-13
5.565000e+02 5.785567e-13
5.865000e+02 6.010868e-13
6.165000e+02 6.188491e-13
6.465000e+02 6.501076e-13
6.765000e+02 6.593135e-13
7.065000e+02 6.905881e-13
7.365000e+02 7.187599e-13
7.665000e+02 7.349594e-13
7.965000e+02 7.590411e-13
8.265000e+02 7.652256e-13
8.565000e+02 7.956642e-13
8.865000e+02 8.150419e-13
9.165000e+02 8.316467e-13
9.465000e+02 8.560281e-13
9.765000e+02 8.785288e-13
1.006500e+03 8.867991e-13
1.036500e+03 9.075787e-13
1.066500e+03 9.264730e-13
1.096500e+03 9.413684e-13
1.126500e+03 9.469945e-13
1.156500e+03 9.752492e-13
1.186500e+03 9.859170e-13
1.216500e+03 1.012326e-12
1.246500e+03 1.030578e-12
1.276500e+03 1.038818e-12
1.306500e+03 1.052337e-12
1.336500e+03 1.061562e-12
1.366500e+03 1.087208e-12
1.396500e+03 1.083962e-12
1.426500e+03 1.102190e-12
1.456500e+03 1.116291e-12
1.486500e+03 1.121759e-12
1.516500e+03 1.131055e-12
1.546500e+03 1.147761e-12
1.576500e+03 1.160968e-12
1.606500e+03 1.169474e-12
1.636500e+03 1.174046e-12
1.666500e+03 1.192456e-12
1.696500e+03 1.209793e-12
1.726500e+03 1.214802e-12
1.756500e+03 1.220083e-12
1.786500e+03 1.229374e-12
1.816500e+03 1.229163e-12
1.846500e+03 1.235087e-12
1.876500e+03 1.241183e-12
1.906500e+03 1.254790e-12
1.936500e+03 1.274723e-12
1.966500e+03 1.274066e-12
1.996500e+03 1.286837e-12
2.026500e+03 1.283086e-12
2.056500e+03 1.290029e-12
2.086500e+03 1.297474e-12
2.116500e+03 1.309876e-12
2.146500e+03 1.308619e-12
2.176500e+03 1.314564e-12
2.206500e+03 1.330922e-12
2.236500e+03 1.333621e-12
2.266500e+03 1.341007e-12
2.296500e+03 1.346014e-12
2.326500e+03 1.343547e-12
2.356500e+03 1.352356e-12
2.386500e+03 1.353301e-12
2.416500e+03 1.361064e-12
2.446500e+03 1.358805e-12
2.476500e+03 1.358680e-12
2.506500e+03 1.380407e-12
2.536500e+03 1.387478e-12
2.566500e+03 1.384866e-12
2.596500e+03 1.375549e-12
2.626500e+03 1.389181e-12
2.656500e+03 1.389743e-12
2.686500e+03 1.391865e-12
2.716500e+03 1.399081e-12
2.746500e+03 1.403380e-12
2.776500e+03 1.404557e-12
2.806500e+03 1.408465e-12
2.836500e+03 1.408945e-12
2.866500e+03 1.410542e-12
2.896500e+03 1.412311e-12
2.926500e+03 1.417510e-12
2.956500e+03 1.411456e-12
2.986500e+03 1.419112e-12
3.016500e+03 1.422783e-12
3.046500e+03 1.412794e-12
3.076500e+03 1.424463e-12
3.106500e+03 1.420612e-12
3.136500e+03 1.419749e-12
3.166500e+03 1.425162e-12
3.196500e+03 1.425682e-12
3.226500e+03 1.416881e-12
3.256500e+03 1.424790e-12
3.286500e+03 1.445604e-12
3.316500e+03 1.441083e-12
3.346500e+03 1.435634e-12
3.376500e+03 1.436936e-12
3.406500e+03 1.438534e-12
3.436500e+03 1.443046e-12
3.466500e+03 1.432396e-12
3.496500e+03 1.433138e-12
3.526500e+03 1.427541e-12
3.556500e+03 1.429167e-12
3.586500e+03 1.431916e-12
3.616500e+03 1.427894e-12
3.646500e+03 1.436444e-12
3.676500e+03 1.428045e-12
3.706500e+03 1.428777e-12
3.736500e+03 1.434394e-12
3.766500e+03 1.429728e-12
3.796500e+03 1.426847e-12
3.826500e+03 1.430526e-12
3.856500e+03 1.430693e-12
3.886500e+03 1.423624e-12
3.916500e+03 1.426716e-12
3.946500e+03 1.419922e-12
3.976500e+03 1.424645e-12
4.006500e+03 1.418233e-12
4.036500e+03 1.424034e-12
4.066500e+03 1.419904e-12
4.096500e+03 1.422108e-12
4.126500e+03 1.409828e-12
4.156500e+03 1.418741e-12
4.186500e+03 1.418385e-12
4.216500e+03 1.406720e-12
4.246500e+03 1.416363e-12
4.276500e+03 1.417676e-12
4.306500e+03 1.410557e-12
4.336500e+03 1.412391e-12
4.366500e+03 1.403834e-12
4.396500e+03 1.405080e-12
4.426500e+03 1.396425e-12
4.456500e+03 1.399833e-12
4.486500e+03 1.395784e-12
4.516500e+03 1.391102e-12
4.546500e+03 1.387706e-12
4.576500e+03 1.389117e-12
4.606500e+03 1.392933e-12
4.636500e+03 1.384796e-12
4.666500e+03 1.384464e-12
4.696500e+03 1.378566e-12
4.726500e+03 1.382968e-12
4.756500e+03 1.374283e-12
4.786500e+03 1.372826e-12
4.816500e+03 1.379815e-12
4.846500e+03 1.375564e-12
4.876500e+03 1.377366e-12
4.906500e+03 1.364369e-12
4.936500e+03 1.365987e-12
4.966500e+03 1.361510e-12
4.996500e+03 1.362204e-12
5.026500e+03 1.356299e-12
5.056500e+03 1.360832e-12
5.086500e+03 1.348794e-12
5.116500e+03 1.344962e-12
5.146500e+03 1.347389e-12
5.176500e+03 1.344766e-12
5.206500e+03 1.340275e-12
5.236500e+03 1.342927e-12
5.266500e+03 1.333661e-12
5.296500e+03 1.333990e-12
5.326500e+03 1.332415e-12
5.356500e+03 1.327435e-12
5.386500e+03 1.324723e-12
5.416500e+03 1.325419e-12
5.446500e+03 1.324048e-12
5.476500e+03 1.318396e-12
5.506500e+03 1.316804e-12
5.536500e+03 1.301338e-12
5.566500e+03 1.308718e-12
5.596500e+03 1.305216e-12
5.626500e+03 1.301809e-12
5.656500e+03 1.302478e-12
5.686500e+03 1.298321e-12
5.716500e+03 1.292112e-12
5.746500e+03 1.287476e-12
5.776500e+03 1.293106e-12
5.806500e+03 1.285487e-12
5.836500e+03 1.285621e-12
5.866500e+03 1.275637e-12
5.896500e+03 1.284647e-12
5.926500e+03 1.272080e-12
5.956500e+03 1.270948e-12
