# Mstar-1sigma_fgas-4sigma fullsky
# ell  D_ell = ell(ell+1)C_ell/2pi
1.650000e+01 1.843850e-14
4.650000e+01 8.113466e-14
7.650000e+01 1.344421e-13
1.065000e+02 1.892466e-13
1.365000e+02 2.372648e-13
1.665000e+02 2.708280e-13
1.965000e+02 3.126526e-13
2.265000e+02 3.364313e-13
2.565000e+02 3.561945e-13
2.865000e+02 3.843247e-13
3.165000e+02 4.148953e-13
3.465000e+02 4.338862e-13
3.765000e+02 4.635371e-13
4.065000e+02 4.818678e-13
4.365000e+02 5.180479e-13
4.665000e+02 5.311597e-13
4.965000e+02 5.594489e-13
5.265000e+02 5.885039e-13
5.565000e+02 6.050788e-13
5.865000e+02 6.293837e-13
6.165000e+02 6.478944e-13
6.465000e+02 6.789233e-13
6.765000e+02 6.886659e-13
7.065000e+02 7.207728e-13
7.365000e+02 7.489582e-13
7.665000e+02 7.663958e-13
7.965000e+02 7.895243e-13
8.265000e+02 7.975347e-13
8.565000e+02 8.268647e-13
8.865000e+02 8.456517e-13
9.165000e+02 8.617603e-13
9.465000e+02 8.858514e-13
9.765000e+02 9.092609e-13
1.006500e+03 9.171708e-13
1.036500e+03 9.368272e-13
1.066500e+03 9.551705e-13
1.096500e+03 9.692839e-13
1.126500e+03 9.745207e-13
1.156500e+03 1.003169e-12
1.186500e+03 1.013228e-12
1.216500e+03 1.039668e-12
1.246500e+03 1.055017e-12
1.276500e+03 1.063463e-12
1.306500e+03 1.076495e-12
1.336500e+03 1.085085e-12
1.366500e+03 1.109671e-12
1.396500e+03 1.105538e-12
1.426500e+03 1.123588e-12
1.456500e+03 1.136636e-12
1.486500e+03 1.141143e-12
1.516500e+03 1.149766e-12
1.546500e+03 1.165095e-12
1.576500e+03 1.176437e-12
1.606500e+03 1.184230e-12
1.636500e+03 1.187101e-12
1.666500e+03 1.203792e-12
1.696500e+03 1.221904e-12
1.726500e+03 1.224457e-12
1.756500e+03 1.228066e-12
1.786500e+03 1.236763e-12
1.816500e+03 1.234600e-12
1.846500e+03 1.239334e-12
1.876500e+03 1.241879e-12
1.906500e+03 1.255994e-12
1.936500e+03 1.273966e-12
1.966500e+03 1.270696e-12
1.996500e+03 1.282026e-12
2.026500e+03 1.276742e-12
2.056500e+03 1.281348e-12
2.086500e+03 1.287914e-12
2.116500e+03 1.299065e-12
2.146500e+03 1.295881e-12
2.176500e+03 1.302194e-12
2.206500e+03 1.316175e-12
2.236500e+03 1.315752e-12
2.266500e+03 1.322568e-12
2.296500e+03 1.327198e-12
2.326500e+03 1.321539e-12
2.356500e+03 1.329487e-12
2.386500e+03 1.328695e-12
2.416500e+03 1.333956e-12
2.446500e+03 1.331924e-12
2.476500e+03 1.329253e-12
2.506500e+03 1.348726e-12
2.536500e+03 1.353204e-12
2.566500e+03 1.349213e-12
2.596500e+03 1.337794e-12
2.626500e+03 1.350699e-12
2.656500e+03 1.350341e-12
2.686500e+03 1.350305e-12
2.716500e+03 1.355054e-12
2.746500e+03 1.356879e-12
2.776500e+03 1.357197e-12
2.806500e+03 1.360105e-12
2.836500e+03 1.358802e-12
2.866500e+03 1.359973e-12
2.896500e+03 1.357333e-12
2.926500e+03 1.361360e-12
2.956500e+03 1.353496e-12
2.986500e+03 1.358548e-12
3.016500e+03 1.362088e-12
3.046500e+03 1.352171e-12
3.076500e+03 1.360283e-12
3.106500e+03 1.354839e-12
3.136500e+03 1.350608e-12
3.166500e+03 1.355481e-12
3.196500e+03 1.355025e-12
3.226500e+03 1.344617e-12
3.256500e+03 1.351039e-12
3.286500e+03 1.368583e-12
3.316500e+03 1.363274e-12
3.346500e+03 1.357695e-12
3.376500e+03 1.355387e-12
3.406500e+03 1.353780e-12
3.436500e+03 1.356270e-12
3.466500e+03 1.344637e-12
3.496500e+03 1.344152e-12
3.526500e+03 1.338792e-12
3.556500e+03 1.337608e-12
3.586500e+03 1.337054e-12
3.616500e+03 1.334660e-12
3.646500e+03 1.340450e-12
3.676500e+03 1.330096e-12
3.706500e+03 1.328530e-12
3.736500e+03 1.332529e-12
3.766500e+03 1.326741e-12
3.796500e+03 1.322153e-12
3.826500e+03 1.324976e-12
3.856500e+03 1.321947e-12
3.886500e+03 1.313730e-12
3.916500e+03 1.316154e-12
3.946500e+03 1.309548e-12
3.976500e+03 1.310913e-12
4.006500e+03 1.303049e-12
4.036500e+03 1.309276e-12
4.066500e+03 1.302181e-12
4.096500e+03 1.303554e-12
4.126500e+03 1.290662e-12
4.156500e+03 1.296096e-12
4.186500e+03 1.294423e-12
4.216500e+03 1.279885e-12
4.246500e+03 1.287607e-12
4.276500e+03 1.286745e-12
4.306500e+03 1.278549e-12
4.336500e+03 1.280077e-12
4.366500e+03 1.272288e-12
4.396500e+03 1.270553e-12
4.426500e+03 1.261188e-12
4.456500e+03 1.261833e-12
4.486500e+03 1.256040e-12
4.516500e+03 1.251923e-12
4.546500e+03 1.247395e-12
4.576500e+03 1.246246e-12
4.606500e+03 1.248486e-12
4.636500e+03 1.239059e-12
4.666500e+03 1.237196e-12
4.696500e+03 1.231975e-12
4.726500e+03 1.234322e-12
4.756500e+03 1.225114e-12
4.786500e+03 1.220458e-12
4.816500e+03 1.226240e-12
4.846500e+03 1.220602e-12
4.876500e+03 1.220123e-12
4.906500e+03 1.206879e-12
4.936500e+03 1.208057e-12
4.966500e+03 1.203577e-12
4.996500e+03 1.202257e-12
5.026500e+03 1.194149e-12
5.056500e+03 1.196681e-12
5.086500e+03 1.183874e-12
5.116500e+03 1.179804e-12
5.146500e+03 1.181082e-12
5.176500e+03 1.176825e-12
5.206500e+03 1.170508e-12
5.236500e+03 1.171719e-12
5.266500e+03 1.163368e-12
5.296500e+03 1.161837e-12
5.326500e+03 1.159268e-12
5.356500e+03 1.153955e-12
5.386500e+03 1.147973e-12
5.416500e+03 1.147443e-12
5.446500e+03 1.145431e-12
5.476500e+03 1.138914e-12
5.506500e+03 1.135832e-12
5.536500e+03 1.121248e-12
5.566500e+03 1.127788e-12
5.596500e+03 1.123132e-12
5.626500e+03 1.119381e-12
5.656500e+03 1.115882e-12
5.686500e+03 1.112231e-12
5.716500e+03 1.105080e-12
5.746500e+03 1.099947e-12
5.776500e+03 1.101970e-12
5.806500e+03 1.096132e-12
5.836500e+03 1.094263e-12
5.866500e+03 1.084205e-12
5.896500e+03 1.090575e-12
5.926500e+03 1.077726e-12
5.956500e+03 1.076797e-12
