# Mstar-1sigma_fgas-4sigma qgt50
# ell  D_ell = ell(ell+1)C_ell/2pi
1.650000e+01 7.451632e-15
4.650000e+01 3.411283e-14
7.650000e+01 6.624082e-14
1.065000e+02 1.075499e-13
1.365000e+02 1.429607e-13
1.665000e+02 1.795264e-13
1.965000e+02 2.195289e-13
2.265000e+02 2.505594e-13
2.565000e+02 2.876177e-13
2.865000e+02 3.177085e-13
3.165000e+02 3.570241e-13
3.465000e+02 3.862419e-13
3.765000e+02 4.210748e-13
4.065000e+02 4.452565e-13
4.365000e+02 4.853966e-13
4.665000e+02 5.033655e-13
4.965000e+02 5.375735e-13
5.265000e+02 5.710027e-13
5.565000e+02 5.905717e-13
5.865000e+02 6.166384e-13
6.165000e+02 6.369151e-13
6.465000e+02 6.683487e-13
6.765000e+02 6.788848e-13
7.065000e+02 7.090389e-13
7.365000e+02 7.411276e-13
7.665000e+02 7.588315e-13
7.965000e+02 7.839726e-13
8.265000e+02 7.921985e-13
8.565000e+02 8.217791e-13
8.865000e+02 8.407217e-13
9.165000e+02 8.581573e-13
9.465000e+02 8.799681e-13
9.765000e+02 9.043586e-13
1.006500e+03 9.132138e-13
1.036500e+03 9.330566e-13
1.066500e+03 9.515723e-13
1.096500e+03 9.656122e-13
1.126500e+03 9.718932e-13
1.156500e+03 1.000016e-12
1.186500e+03 1.011236e-12
1.216500e+03 1.036998e-12
1.246500e+03 1.051905e-12
1.276500e+03 1.060803e-12
1.306500e+03 1.073265e-12
1.336500e+03 1.082320e-12
1.366500e+03 1.106192e-12
1.396500e+03 1.102983e-12
1.426500e+03 1.120379e-12
1.456500e+03 1.133726e-12
1.486500e+03 1.139467e-12
1.516500e+03 1.148317e-12
1.546500e+03 1.162897e-12
1.576500e+03 1.174195e-12
1.606500e+03 1.182501e-12
1.636500e+03 1.185246e-12
1.666500e+03 1.201437e-12
1.696500e+03 1.219571e-12
1.726500e+03 1.223030e-12
1.756500e+03 1.225543e-12
1.786500e+03 1.234523e-12
1.816500e+03 1.233095e-12
1.846500e+03 1.237426e-12
1.876500e+03 1.239172e-12
1.906500e+03 1.253789e-12
1.936500e+03 1.270858e-12
1.966500e+03 1.268724e-12
1.996500e+03 1.279638e-12
2.026500e+03 1.274835e-12
2.056500e+03 1.278781e-12
2.086500e+03 1.286422e-12
2.116500e+03 1.297245e-12
2.146500e+03 1.293485e-12
2.176500e+03 1.300153e-12
2.206500e+03 1.314345e-12
2.236500e+03 1.313392e-12
2.266500e+03 1.320245e-12
2.296500e+03 1.324510e-12
2.326500e+03 1.318908e-12
2.356500e+03 1.327143e-12
2.386500e+03 1.326848e-12
2.416500e+03 1.331793e-12
2.446500e+03 1.330076e-12
2.476500e+03 1.326930e-12
2.506500e+03 1.347369e-12
2.536500e+03 1.351066e-12
2.566500e+03 1.347619e-12
2.596500e+03 1.336201e-12
2.626500e+03 1.349408e-12
2.656500e+03 1.348959e-12
2.686500e+03 1.347809e-12
2.716500e+03 1.352979e-12
2.746500e+03 1.355334e-12
2.776500e+03 1.354754e-12
2.806500e+03 1.358661e-12
2.836500e+03 1.357673e-12
2.866500e+03 1.358555e-12
2.896500e+03 1.355610e-12
2.926500e+03 1.360095e-12
2.956500e+03 1.351089e-12
2.986500e+03 1.356861e-12
3.016500e+03 1.360764e-12
3.046500e+03 1.350583e-12
3.076500e+03 1.357875e-12
3.106500e+03 1.353394e-12
3.136500e+03 1.349245e-12
3.166500e+03 1.354618e-12
3.196500e+03 1.353008e-12
3.226500e+03 1.343582e-12
3.256500e+03 1.349745e-12
3.286500e+03 1.367394e-12
3.316500e+03 1.362121e-12
3.346500e+03 1.356103e-12
3.376500e+03 1.353738e-12
3.406500e+03 1.352386e-12
3.436500e+03 1.354441e-12
3.466500e+03 1.344092e-12
3.496500e+03 1.342979e-12
3.526500e+03 1.338131e-12
3.556500e+03 1.336040e-12
3.586500e+03 1.336171e-12
3.616500e+03 1.334049e-12
3.646500e+03 1.338899e-12
3.676500e+03 1.328486e-12
3.706500e+03 1.327711e-12
3.736500e+03 1.331496e-12
3.766500e+03 1.325688e-12
3.796500e+03 1.321771e-12
3.826500e+03 1.323432e-12
3.856500e+03 1.320473e-12
3.886500e+03 1.312482e-12
3.916500e+03 1.314408e-12
3.946500e+03 1.308700e-12
3.976500e+03 1.309936e-12
4.006500e+03 1.301831e-12
4.036500e+03 1.307797e-12
4.066500e+03 1.301121e-12
4.096500e+03 1.302523e-12
4.126500e+03 1.290032e-12
4.156500e+03 1.295090e-12
4.186500e+03 1.293586e-12
4.216500e+03 1.278949e-12
4.246500e+03 1.287260e-12
4.276500e+03 1.285423e-12
4.306500e+03 1.277687e-12
4.336500e+03 1.279110e-12
4.366500e+03 1.271199e-12
4.396500e+03 1.269901e-12
4.426500e+03 1.260458e-12
4.456500e+03 1.260627e-12
4.486500e+03 1.255494e-12
4.516500e+03 1.251181e-12
4.546500e+03 1.246924e-12
4.576500e+03 1.245520e-12
4.606500e+03 1.247676e-12
4.636500e+03 1.238113e-12
4.666500e+03 1.236568e-12
4.696500e+03 1.231609e-12
4.726500e+03 1.233459e-12
4.756500e+03 1.224439e-12
4.786500e+03 1.220138e-12
4.816500e+03 1.225735e-12
4.846500e+03 1.220109e-12
4.876500e+03 1.219247e-12
4.906500e+03 1.206094e-12
4.936500e+03 1.207676e-12
4.966500e+03 1.203142e-12
4.996500e+03 1.201782e-12
5.026500e+03 1.193242e-12
5.056500e+03 1.195968e-12
5.086500e+03 1.183692e-12
5.116500e+03 1.179514e-12
5.146500e+03 1.180235e-12
5.176500e+03 1.175936e-12
5.206500e+03 1.169877e-12
5.236500e+03 1.171111e-12
5.266500e+03 1.163035e-12
5.296500e+03 1.161259e-12
5.326500e+03 1.158915e-12
5.356500e+03 1.153766e-12
5.386500e+03 1.147502e-12
5.416500e+03 1.146817e-12
5.446500e+03 1.144717e-12
5.476500e+03 1.138009e-12
5.506500e+03 1.135186e-12
5.536500e+03 1.120461e-12
5.566500e+03 1.127587e-12
5.596500e+03 1.122927e-12
5.626500e+03 1.118998e-12
5.656500e+03 1.115448e-12
5.686500e+03 1.111789e-12
5.716500e+03 1.104820e-12
5.746500e+03 1.099333e-12
5.776500e+03 1.101885e-12
5.806500e+03 1.096071e-12
5.836500e+03 1.093749e-12
5.866500e+03 1.084231e-12
5.896500e+03 1.090100e-12
5.926500e+03 1.077503e-12
5.956500e+03 1.077354e-12
