# Mstar-1sigma qgt50
# ell  D_ell = ell(ell+1)C_ell/2pi
1.650000e+01 7.245414e-15
4.650000e+01 3.247008e-14
7.650000e+01 6.324524e-14
1.065000e+02 1.023806e-13
1.365000e+02 1.382737e-13
1.665000e+02 1.758393e-13
1.965000e+02 2.147076e-13
2.265000e+02 2.476244e-13
2.565000e+02 2.853709e-13
2.865000e+02 3.175184e-13
3.165000e+02 3.612261e-13
3.465000e+02 3.928017e-13
3.765000e+02 4.290927e-13
4.065000e+02 4.562030e-13
4.365000e+02 4.989560e-13
4.665000e+02 5.198189e-13
4.965000e+02 5.584347e-13
5.265000e+02 5.943641e-13
5.565000e+02 6.168468e-13
5.865000e+02 6.454612e-13
6.165000e+02 6.688225e-13
6.465000e+02 7.029673e-13
6.765000e+02 7.147832e-13
7.065000e+02 7.492648e-13
7.365000e+02 7.841104e-13
7.665000e+02 8.041241e-13
7.965000e+02 8.329405e-13
8.265000e+02 8.434471e-13
8.565000e+02 8.751615e-13
8.865000e+02 8.995792e-13
9.165000e+02 9.172574e-13
9.465000e+02 9.421649e-13
9.765000e+02 9.703374e-13
1.006500e+03 9.813598e-13
1.036500e+03 1.005133e-12
1.066500e+03 1.026278e-12
1.096500e+03 1.042723e-12
1.126500e+03 1.051326e-12
1.156500e+03 1.082909e-12
1.186500e+03 1.095830e-12
1.216500e+03 1.124763e-12
1.246500e+03 1.143678e-12
1.276500e+03 1.155111e-12
1.306500e+03 1.170111e-12
1.336500e+03 1.181054e-12
1.366500e+03 1.209525e-12
1.396500e+03 1.207104e-12
1.426500e+03 1.228222e-12
1.456500e+03 1.242866e-12
1.486500e+03 1.252180e-12
1.516500e+03 1.264077e-12
1.546500e+03 1.281167e-12
1.576500e+03 1.295777e-12
1.606500e+03 1.307205e-12
1.636500e+03 1.311449e-12
1.666500e+03 1.332521e-12
1.696500e+03 1.351430e-12
1.726500e+03 1.358852e-12
1.756500e+03 1.364698e-12
1.786500e+03 1.375076e-12
1.816500e+03 1.376255e-12
1.846500e+03 1.383455e-12
1.876500e+03 1.389911e-12
1.906500e+03 1.404224e-12
1.936500e+03 1.426749e-12
1.966500e+03 1.426574e-12
1.996500e+03 1.440533e-12
2.026500e+03 1.437182e-12
2.056500e+03 1.444382e-12
2.086500e+03 1.454239e-12
2.116500e+03 1.467485e-12
2.146500e+03 1.467060e-12
2.176500e+03 1.475097e-12
2.206500e+03 1.491996e-12
2.236500e+03 1.494603e-12
2.266500e+03 1.504190e-12
2.296500e+03 1.509838e-12
2.326500e+03 1.506434e-12
2.356500e+03 1.516377e-12
2.386500e+03 1.518799e-12
2.416500e+03 1.526692e-12
2.446500e+03 1.525592e-12
2.476500e+03 1.524553e-12
2.506500e+03 1.550511e-12
2.536500e+03 1.557648e-12
2.566500e+03 1.555196e-12
2.596500e+03 1.544038e-12
2.626500e+03 1.562346e-12
2.656500e+03 1.560935e-12
2.686500e+03 1.562221e-12
2.716500e+03 1.570937e-12
2.746500e+03 1.575781e-12
2.776500e+03 1.577113e-12
2.806500e+03 1.583163e-12
2.836500e+03 1.584946e-12
2.866500e+03 1.586834e-12
2.896500e+03 1.586503e-12
2.926500e+03 1.592593e-12
2.956500e+03 1.584249e-12
2.986500e+03 1.595050e-12
3.016500e+03 1.600965e-12
3.046500e+03 1.590364e-12
3.076500e+03 1.602025e-12
3.106500e+03 1.597011e-12
3.136500e+03 1.595843e-12
3.166500e+03 1.603170e-12
3.196500e+03 1.602606e-12
3.226500e+03 1.593984e-12
3.256500e+03 1.603748e-12
3.286500e+03 1.626875e-12
3.316500e+03 1.622457e-12
3.346500e+03 1.615859e-12
3.376500e+03 1.615996e-12
3.406500e+03 1.616975e-12
3.436500e+03 1.622423e-12
3.466500e+03 1.609492e-12
3.496500e+03 1.611310e-12
3.526500e+03 1.607640e-12
3.556500e+03 1.608304e-12
3.586500e+03 1.609436e-12
3.616500e+03 1.607325e-12
3.646500e+03 1.616112e-12
3.676500e+03 1.607150e-12
3.706500e+03 1.606203e-12
3.736500e+03 1.613214e-12
3.766500e+03 1.608698e-12
3.796500e+03 1.606687e-12
3.826500e+03 1.609475e-12
3.856500e+03 1.609415e-12
3.886500e+03 1.600242e-12
3.916500e+03 1.604658e-12
3.946500e+03 1.598450e-12
3.976500e+03 1.603272e-12
4.006500e+03 1.595252e-12
4.036500e+03 1.602520e-12
4.066500e+03 1.597740e-12
4.096500e+03 1.601200e-12
4.126500e+03 1.588131e-12
4.156500e+03 1.595945e-12
4.186500e+03 1.596445e-12
4.216500e+03 1.580084e-12
4.246500e+03 1.593866e-12
4.276500e+03 1.592649e-12
4.306500e+03 1.584932e-12
4.336500e+03 1.587332e-12
4.366500e+03 1.579054e-12
4.396500e+03 1.580968e-12
4.426500e+03 1.569792e-12
4.456500e+03 1.571859e-12
4.486500e+03 1.567519e-12
4.516500e+03 1.564174e-12
4.546500e+03 1.559734e-12
4.576500e+03 1.561680e-12
4.606500e+03 1.565076e-12
4.636500e+03 1.555766e-12
4.666500e+03 1.554902e-12
4.696500e+03 1.549880e-12
4.726500e+03 1.554363e-12
4.756500e+03 1.544449e-12
4.786500e+03 1.540903e-12
4.816500e+03 1.550224e-12
4.846500e+03 1.545834e-12
4.876500e+03 1.544976e-12
4.906500e+03 1.531345e-12
4.936500e+03 1.535070e-12
4.966500e+03 1.530323e-12
4.996500e+03 1.530053e-12
5.026500e+03 1.521781e-12
5.056500e+03 1.526587e-12
5.086500e+03 1.513413e-12
5.116500e+03 1.508825e-12
5.146500e+03 1.511410e-12
5.176500e+03 1.507006e-12
5.206500e+03 1.502629e-12
5.236500e+03 1.505234e-12
5.266500e+03 1.495016e-12
5.296500e+03 1.495011e-12
5.326500e+03 1.494530e-12
5.356500e+03 1.489399e-12
5.386500e+03 1.484343e-12
5.416500e+03 1.484203e-12
5.446500e+03 1.483521e-12
5.476500e+03 1.475469e-12
5.506500e+03 1.475181e-12
5.536500e+03 1.457236e-12
5.566500e+03 1.466141e-12
5.596500e+03 1.461438e-12
5.626500e+03 1.457035e-12
5.656500e+03 1.457148e-12
5.686500e+03 1.453653e-12
5.716500e+03 1.445272e-12
5.746500e+03 1.439570e-12
5.776500e+03 1.445749e-12
5.806500e+03 1.438424e-12
5.836500e+03 1.437633e-12
5.866500e+03 1.425691e-12
5.896500e+03 1.436447e-12
5.926500e+03 1.420674e-12
5.956500e+03 1.421526e-12
