# L1_m9 qgt50
# ell  D_ell = ell(ell+1)C_ell/2pi
1.650000e+01 7.002791e-15
4.650000e+01 3.124603e-14
7.650000e+01 5.983870e-14
1.065000e+02 9.752968e-14
1.365000e+02 1.324283e-13
1.665000e+02 1.678292e-13
1.965000e+02 2.055129e-13
2.265000e+02 2.381847e-13
2.565000e+02 2.756367e-13
2.865000e+02 3.076637e-13
3.165000e+02 3.498797e-13
3.465000e+02 3.827638e-13
3.765000e+02 4.170312e-13
4.065000e+02 4.432523e-13
4.365000e+02 4.851542e-13
4.665000e+02 5.035907e-13
4.965000e+02 5.406299e-13
5.265000e+02 5.756486e-13
5.565000e+02 5.978755e-13
5.865000e+02 6.246459e-13
6.165000e+02 6.477561e-13
6.465000e+02 6.818642e-13
6.765000e+02 6.938303e-13
7.065000e+02 7.277116e-13
7.365000e+02 7.601916e-13
7.665000e+02 7.816371e-13
7.965000e+02 8.087695e-13
8.265000e+02 8.177846e-13
8.565000e+02 8.483295e-13
8.865000e+02 8.724123e-13
9.165000e+02 8.897522e-13
9.465000e+02 9.156638e-13
9.765000e+02 9.424429e-13
1.006500e+03 9.523829e-13
1.036500e+03 9.769162e-13
1.066500e+03 9.974697e-13
1.096500e+03 1.013339e-12
1.126500e+03 1.021058e-12
1.156500e+03 1.051944e-12
1.186500e+03 1.064612e-12
1.216500e+03 1.093084e-12
1.246500e+03 1.112213e-12
1.276500e+03 1.123194e-12
1.306500e+03 1.138931e-12
1.336500e+03 1.149499e-12
1.366500e+03 1.177812e-12
1.396500e+03 1.175544e-12
1.426500e+03 1.195650e-12
1.456500e+03 1.209604e-12
1.486500e+03 1.218469e-12
1.516500e+03 1.229566e-12
1.546500e+03 1.247684e-12
1.576500e+03 1.262026e-12
1.606500e+03 1.274016e-12
1.636500e+03 1.278606e-12
1.666500e+03 1.299355e-12
1.696500e+03 1.318185e-12
1.726500e+03 1.325701e-12
1.756500e+03 1.331395e-12
1.786500e+03 1.342143e-12
1.816500e+03 1.342911e-12
1.846500e+03 1.350223e-12
1.876500e+03 1.357315e-12
1.906500e+03 1.371203e-12
1.936500e+03 1.393581e-12
1.966500e+03 1.394519e-12
1.996500e+03 1.408086e-12
2.026500e+03 1.405773e-12
2.056500e+03 1.412279e-12
2.086500e+03 1.422135e-12
2.116500e+03 1.436004e-12
2.146500e+03 1.436193e-12
2.176500e+03 1.443257e-12
2.206500e+03 1.459731e-12
2.236500e+03 1.464311e-12
2.266500e+03 1.473144e-12
2.296500e+03 1.479493e-12
2.326500e+03 1.475688e-12
2.356500e+03 1.485712e-12
2.386500e+03 1.489541e-12
2.416500e+03 1.497293e-12
2.446500e+03 1.496075e-12
2.476500e+03 1.495541e-12
2.506500e+03 1.521160e-12
2.536500e+03 1.529179e-12
2.566500e+03 1.526764e-12
2.596500e+03 1.515530e-12
2.626500e+03 1.534375e-12
2.656500e+03 1.532759e-12
2.686500e+03 1.535200e-12
2.716500e+03 1.544537e-12
2.746500e+03 1.548683e-12
2.776500e+03 1.550914e-12
2.806500e+03 1.558310e-12
2.836500e+03 1.559049e-12
2.866500e+03 1.562040e-12
2.896500e+03 1.561232e-12
2.926500e+03 1.568440e-12
2.956500e+03 1.560167e-12
2.986500e+03 1.571573e-12
3.016500e+03 1.577312e-12
3.046500e+03 1.565997e-12
3.076500e+03 1.578586e-12
3.106500e+03 1.574792e-12
3.136500e+03 1.573753e-12
3.166500e+03 1.581448e-12
3.196500e+03 1.581649e-12
3.226500e+03 1.572864e-12
3.256500e+03 1.583090e-12
3.286500e+03 1.606170e-12
3.316500e+03 1.601510e-12
3.346500e+03 1.597084e-12
3.376500e+03 1.596507e-12
3.406500e+03 1.598522e-12
3.436500e+03 1.605152e-12
3.466500e+03 1.592070e-12
3.496500e+03 1.594001e-12
3.526500e+03 1.590287e-12
3.556500e+03 1.591528e-12
3.586500e+03 1.593778e-12
3.616500e+03 1.590783e-12
3.646500e+03 1.600902e-12
3.676500e+03 1.592375e-12
3.706500e+03 1.592092e-12
3.736500e+03 1.599496e-12
3.766500e+03 1.594672e-12
3.796500e+03 1.593496e-12
3.826500e+03 1.596552e-12
3.856500e+03 1.596620e-12
3.886500e+03 1.588640e-12
3.916500e+03 1.593283e-12
3.946500e+03 1.587147e-12
3.976500e+03 1.592159e-12
4.006500e+03 1.584347e-12
4.036500e+03 1.592070e-12
4.066500e+03 1.587550e-12
4.096500e+03 1.590752e-12
4.126500e+03 1.579779e-12
4.156500e+03 1.588005e-12
4.186500e+03 1.588759e-12
4.216500e+03 1.572452e-12
4.246500e+03 1.586906e-12
4.276500e+03 1.585143e-12
4.306500e+03 1.578910e-12
4.336500e+03 1.581677e-12
4.366500e+03 1.572566e-12
4.396500e+03 1.574874e-12
4.426500e+03 1.565794e-12
4.456500e+03 1.568126e-12
4.486500e+03 1.564467e-12
4.516500e+03 1.560100e-12
4.546500e+03 1.556561e-12
4.576500e+03 1.559250e-12
4.606500e+03 1.563276e-12
4.636500e+03 1.553860e-12
4.666500e+03 1.553989e-12
4.696500e+03 1.548519e-12
4.726500e+03 1.553942e-12
4.756500e+03 1.544695e-12
4.786500e+03 1.542118e-12
4.816500e+03 1.550749e-12
4.846500e+03 1.547475e-12
4.876500e+03 1.546907e-12
4.906500e+03 1.532977e-12
4.936500e+03 1.537545e-12
4.966500e+03 1.533166e-12
4.996500e+03 1.533322e-12
5.026500e+03 1.524789e-12
5.056500e+03 1.531038e-12
5.086500e+03 1.518208e-12
5.116500e+03 1.513430e-12
5.146500e+03 1.516712e-12
5.176500e+03 1.512873e-12
5.206500e+03 1.508746e-12
5.236500e+03 1.511648e-12
5.266500e+03 1.501953e-12
5.296500e+03 1.502144e-12
5.326500e+03 1.501415e-12
5.356500e+03 1.496803e-12
5.386500e+03 1.493344e-12
5.416500e+03 1.493346e-12
5.446500e+03 1.492501e-12
5.476500e+03 1.485316e-12
5.506500e+03 1.485093e-12
5.536500e+03 1.468395e-12
5.566500e+03 1.477334e-12
5.596500e+03 1.473347e-12
5.626500e+03 1.468073e-12
5.656500e+03 1.468984e-12
5.686500e+03 1.465970e-12
5.716500e+03 1.458271e-12
5.746500e+03 1.452661e-12
5.776500e+03 1.459147e-12
5.806500e+03 1.452426e-12
5.836500e+03 1.451335e-12
5.866500e+03 1.441319e-12
5.896500e+03 1.451284e-12
5.926500e+03 1.436520e-12
5.956500e+03 1.437106e-12
