# Jet qgt50
# ell  D_ell = ell(ell+1)C_ell/2pi
1.650000e+01 6.728905e-15
4.650000e+01 3.133486e-14
7.650000e+01 6.125165e-14
1.065000e+02 9.974301e-14
1.365000e+02 1.333127e-13
1.665000e+02 1.686948e-13
1.965000e+02 2.063503e-13
2.265000e+02 2.364262e-13
2.565000e+02 2.710656e-13
2.865000e+02 2.995648e-13
3.165000e+02 3.378810e-13
3.465000e+02 3.662493e-13
3.765000e+02 3.988708e-13
4.065000e+02 4.207462e-13
4.365000e+02 4.608686e-13
4.665000e+02 4.780307e-13
4.965000e+02 5.098365e-13
5.265000e+02 5.431071e-13
5.565000e+02 5.634850e-13
5.865000e+02 5.876232e-13
6.165000e+02 6.079195e-13
6.465000e+02 6.389087e-13
6.765000e+02 6.489200e-13
7.065000e+02 6.789714e-13
7.365000e+02 7.111986e-13
7.665000e+02 7.276060e-13
7.965000e+02 7.531739e-13
8.265000e+02 7.599436e-13
8.565000e+02 7.902460e-13
8.865000e+02 8.098238e-13
9.165000e+02 8.279791e-13
9.465000e+02 8.500974e-13
9.765000e+02 8.733425e-13
1.006500e+03 8.831992e-13
1.036500e+03 9.038694e-13
1.066500e+03 9.226991e-13
1.096500e+03 9.373015e-13
1.126500e+03 9.444422e-13
1.156500e+03 9.719418e-13
1.186500e+03 9.841913e-13
1.216500e+03 1.009065e-12
1.246500e+03 1.027257e-12
1.276500e+03 1.035701e-12
1.306500e+03 1.048834e-12
1.336500e+03 1.058990e-12
1.366500e+03 1.083882e-12
1.396500e+03 1.080971e-12
1.426500e+03 1.099300e-12
1.456500e+03 1.113240e-12
1.486500e+03 1.119907e-12
1.516500e+03 1.129361e-12
1.546500e+03 1.145816e-12
1.576500e+03 1.158248e-12
1.606500e+03 1.167942e-12
1.636500e+03 1.172338e-12
1.666500e+03 1.189687e-12
1.696500e+03 1.207461e-12
1.726500e+03 1.213311e-12
1.756500e+03 1.217645e-12
1.786500e+03 1.227115e-12
1.816500e+03 1.227831e-12
1.846500e+03 1.233107e-12
1.876500e+03 1.238356e-12
1.906500e+03 1.252387e-12
1.936500e+03 1.271683e-12
1.966500e+03 1.271915e-12
1.996500e+03 1.284568e-12
2.026500e+03 1.281214e-12
2.056500e+03 1.287216e-12
2.086500e+03 1.295531e-12
2.116500e+03 1.308163e-12
2.146500e+03 1.306108e-12
2.176500e+03 1.312642e-12
2.206500e+03 1.328509e-12
2.236500e+03 1.330944e-12
2.266500e+03 1.338227e-12
2.296500e+03 1.343325e-12
2.326500e+03 1.341026e-12
2.356500e+03 1.349582e-12
2.386500e+03 1.351421e-12
2.416500e+03 1.358365e-12
2.446500e+03 1.356725e-12
2.476500e+03 1.356205e-12
2.506500e+03 1.378924e-12
2.536500e+03 1.385385e-12
2.566500e+03 1.383234e-12
2.596500e+03 1.374046e-12
2.626500e+03 1.387969e-12
2.656500e+03 1.388218e-12
2.686500e+03 1.389755e-12
2.716500e+03 1.396776e-12
2.746500e+03 1.401343e-12
2.776500e+03 1.402034e-12
2.806500e+03 1.406893e-12
2.836500e+03 1.407662e-12
2.866500e+03 1.408968e-12
2.896500e+03 1.410240e-12
2.926500e+03 1.415712e-12
2.956500e+03 1.409032e-12
2.986500e+03 1.417287e-12
3.016500e+03 1.421423e-12
3.046500e+03 1.410946e-12
3.076500e+03 1.421718e-12
3.106500e+03 1.419021e-12
3.136500e+03 1.417781e-12
3.166500e+03 1.423970e-12
3.196500e+03 1.423348e-12
3.226500e+03 1.415583e-12
3.256500e+03 1.422954e-12
3.286500e+03 1.444527e-12
3.316500e+03 1.439802e-12
3.346500e+03 1.434203e-12
3.376500e+03 1.434838e-12
3.406500e+03 1.436624e-12
3.436500e+03 1.441122e-12
3.466500e+03 1.431705e-12
3.496500e+03 1.431426e-12
3.526500e+03 1.426769e-12
3.556500e+03 1.427513e-12
3.586500e+03 1.431162e-12
3.616500e+03 1.426700e-12
3.646500e+03 1.434512e-12
3.676500e+03 1.426381e-12
3.706500e+03 1.427693e-12
3.736500e+03 1.432921e-12
3.766500e+03 1.428711e-12
3.796500e+03 1.426343e-12
3.826500e+03 1.428702e-12
3.856500e+03 1.428915e-12
3.886500e+03 1.421997e-12
3.916500e+03 1.424554e-12
3.946500e+03 1.418785e-12
3.976500e+03 1.423394e-12
4.006500e+03 1.416814e-12
4.036500e+03 1.422369e-12
4.066500e+03 1.418727e-12
4.096500e+03 1.420803e-12
4.126500e+03 1.408835e-12
4.156500e+03 1.417503e-12
4.186500e+03 1.417154e-12
4.216500e+03 1.405546e-12
4.246500e+03 1.415962e-12
4.276500e+03 1.415884e-12
4.306500e+03 1.409018e-12
4.336500e+03 1.411212e-12
4.366500e+03 1.402395e-12
4.396500e+03 1.404212e-12
4.426500e+03 1.395551e-12
4.456500e+03 1.398341e-12
4.486500e+03 1.395046e-12
4.516500e+03 1.389885e-12
4.546500e+03 1.387021e-12
4.576500e+03 1.387865e-12
4.606500e+03 1.391858e-12
4.636500e+03 1.383464e-12
4.666500e+03 1.383660e-12
4.696500e+03 1.377634e-12
4.726500e+03 1.381847e-12
4.756500e+03 1.373224e-12
4.786500e+03 1.372445e-12
4.816500e+03 1.379179e-12
4.846500e+03 1.374847e-12
4.876500e+03 1.375833e-12
4.906500e+03 1.363039e-12
4.936500e+03 1.365421e-12
4.966500e+03 1.360920e-12
4.996500e+03 1.361506e-12
5.026500e+03 1.355209e-12
5.056500e+03 1.359491e-12
5.086500e+03 1.348447e-12
5.116500e+03 1.344642e-12
5.146500e+03 1.346061e-12
5.176500e+03 1.344008e-12
5.206500e+03 1.339156e-12
5.236500e+03 1.341871e-12
5.266500e+03 1.333035e-12
5.296500e+03 1.332930e-12
5.326500e+03 1.331856e-12
5.356500e+03 1.326856e-12
5.386500e+03 1.324251e-12
5.416500e+03 1.324423e-12
5.446500e+03 1.323328e-12
5.476500e+03 1.317374e-12
5.506500e+03 1.315982e-12
5.536500e+03 1.300450e-12
5.566500e+03 1.308325e-12
5.596500e+03 1.304564e-12
5.626500e+03 1.301122e-12
5.656500e+03 1.301867e-12
5.686500e+03 1.297740e-12
5.716500e+03 1.291511e-12
5.746500e+03 1.286608e-12
5.776500e+03 1.292605e-12
5.806500e+03 1.284979e-12
5.836500e+03 1.284997e-12
5.866500e+03 1.275485e-12
5.896500e+03 1.283800e-12
5.926500e+03 1.271282e-12
5.956500e+03 1.271606e-12
