# Mstar-1sigma_fgas-4sigma qgt20
# ell  D_ell = ell(ell+1)C_ell/2pi
1.650000e+01 6.044361e-15
4.650000e+01 2.617860e-14
7.650000e+01 5.140068e-14
1.065000e+02 8.295962e-14
1.365000e+02 1.150391e-13
1.665000e+02 1.424129e-13
1.965000e+02 1.763685e-13
2.265000e+02 2.059258e-13
2.565000e+02 2.389824e-13
2.865000e+02 2.641249e-13
3.165000e+02 3.026078e-13
3.465000e+02 3.298131e-13
3.765000e+02 3.642963e-13
4.065000e+02 3.896105e-13
4.365000e+02 4.282776e-13
4.665000e+02 4.485197e-13
4.965000e+02 4.811432e-13
5.265000e+02 5.164689e-13
5.565000e+02 5.388061e-13
5.865000e+02 5.621908e-13
6.165000e+02 5.858914e-13
6.465000e+02 6.174238e-13
6.765000e+02 6.327392e-13
7.065000e+02 6.621269e-13
7.365000e+02 6.958885e-13
7.665000e+02 7.123138e-13
7.965000e+02 7.382015e-13
8.265000e+02 7.473301e-13
8.565000e+02 7.781604e-13
8.865000e+02 8.025593e-13
9.165000e+02 8.191761e-13
9.465000e+02 8.426476e-13
9.765000e+02 8.685061e-13
1.006500e+03 8.779229e-13
1.036500e+03 8.999140e-13
1.066500e+03 9.185908e-13
1.096500e+03 9.334465e-13
1.126500e+03 9.399628e-13
1.156500e+03 9.707358e-13
1.186500e+03 9.828760e-13
1.216500e+03 1.010376e-12
1.246500e+03 1.024836e-12
1.276500e+03 1.031466e-12
1.306500e+03 1.049358e-12
1.336500e+03 1.056517e-12
1.366500e+03 1.081350e-12
1.396500e+03 1.079111e-12
1.426500e+03 1.098671e-12
1.456500e+03 1.113485e-12
1.486500e+03 1.119995e-12
1.516500e+03 1.129245e-12
1.546500e+03 1.141948e-12
1.576500e+03 1.154110e-12
1.606500e+03 1.164117e-12
1.636500e+03 1.166894e-12
1.666500e+03 1.183333e-12
1.696500e+03 1.201977e-12
1.726500e+03 1.207746e-12
1.756500e+03 1.209426e-12
1.786500e+03 1.217968e-12
1.816500e+03 1.218132e-12
1.846500e+03 1.222824e-12
1.876500e+03 1.226017e-12
1.906500e+03 1.241230e-12
1.936500e+03 1.258394e-12
1.966500e+03 1.256735e-12
1.996500e+03 1.268070e-12
2.026500e+03 1.263400e-12
2.056500e+03 1.266961e-12
2.086500e+03 1.276107e-12
2.116500e+03 1.287193e-12
2.146500e+03 1.283201e-12
2.176500e+03 1.289822e-12
2.206500e+03 1.304589e-12
2.236500e+03 1.306342e-12
2.266500e+03 1.311516e-12
2.296500e+03 1.315999e-12
2.326500e+03 1.310417e-12
2.356500e+03 1.318769e-12
2.386500e+03 1.319404e-12
2.416500e+03 1.323295e-12
2.446500e+03 1.323846e-12
2.476500e+03 1.319123e-12
2.506500e+03 1.338863e-12
2.536500e+03 1.344509e-12
2.566500e+03 1.340901e-12
2.596500e+03 1.328711e-12
2.626500e+03 1.343255e-12
2.656500e+03 1.343044e-12
2.686500e+03 1.342082e-12
2.716500e+03 1.346559e-12
2.746500e+03 1.349444e-12
2.776500e+03 1.348922e-12
2.806500e+03 1.352171e-12
2.836500e+03 1.352900e-12
2.866500e+03 1.352870e-12
2.896500e+03 1.350628e-12
2.926500e+03 1.354786e-12
2.956500e+03 1.346116e-12
2.986500e+03 1.351071e-12
3.016500e+03 1.356798e-12
3.046500e+03 1.345355e-12
3.076500e+03 1.352656e-12
3.106500e+03 1.347215e-12
3.136500e+03 1.344165e-12
3.166500e+03 1.348921e-12
3.196500e+03 1.348343e-12
3.226500e+03 1.339293e-12
3.256500e+03 1.344297e-12
3.286500e+03 1.363161e-12
3.316500e+03 1.358248e-12
3.346500e+03 1.353162e-12
3.376500e+03 1.349053e-12
3.406500e+03 1.348718e-12
3.436500e+03 1.350617e-12
3.466500e+03 1.341209e-12
3.496500e+03 1.339399e-12
3.526500e+03 1.334934e-12
3.556500e+03 1.333851e-12
3.586500e+03 1.334023e-12
3.616500e+03 1.330881e-12
3.646500e+03 1.335608e-12
3.676500e+03 1.325779e-12
3.706500e+03 1.325354e-12
3.736500e+03 1.328472e-12
3.766500e+03 1.323467e-12
3.796500e+03 1.319538e-12
3.826500e+03 1.321555e-12
3.856500e+03 1.316821e-12
3.886500e+03 1.309787e-12
3.916500e+03 1.310962e-12
3.946500e+03 1.306003e-12
3.976500e+03 1.308113e-12
4.006500e+03 1.299607e-12
4.036500e+03 1.305210e-12
4.066500e+03 1.298738e-12
4.096500e+03 1.300463e-12
4.126500e+03 1.288177e-12
4.156500e+03 1.293515e-12
4.186500e+03 1.291257e-12
4.216500e+03 1.277178e-12
4.246500e+03 1.285645e-12
4.276500e+03 1.282641e-12
4.306500e+03 1.275534e-12
4.336500e+03 1.276845e-12
4.366500e+03 1.269600e-12
4.396500e+03 1.268071e-12
4.426500e+03 1.258059e-12
4.456500e+03 1.258884e-12
4.486500e+03 1.253585e-12
4.516500e+03 1.249040e-12
4.546500e+03 1.246057e-12
4.576500e+03 1.243091e-12
4.606500e+03 1.246556e-12
4.636500e+03 1.236334e-12
4.666500e+03 1.235128e-12
4.696500e+03 1.229591e-12
4.726500e+03 1.231937e-12
4.756500e+03 1.222824e-12
4.786500e+03 1.218165e-12
4.816500e+03 1.224980e-12
4.846500e+03 1.218723e-12
4.876500e+03 1.217665e-12
4.906500e+03 1.204945e-12
4.936500e+03 1.206305e-12
4.966500e+03 1.201089e-12
4.996500e+03 1.200761e-12
5.026500e+03 1.191725e-12
5.056500e+03 1.194749e-12
5.086500e+03 1.182507e-12
5.116500e+03 1.178167e-12
5.146500e+03 1.178834e-12
5.176500e+03 1.175401e-12
5.206500e+03 1.168636e-12
5.236500e+03 1.169999e-12
5.266500e+03 1.161697e-12
5.296500e+03 1.159559e-12
5.326500e+03 1.157308e-12
5.356500e+03 1.152418e-12
5.386500e+03 1.146732e-12
5.416500e+03 1.145209e-12
5.446500e+03 1.143917e-12
5.476500e+03 1.136762e-12
5.506500e+03 1.134801e-12
5.536500e+03 1.119588e-12
5.566500e+03 1.126740e-12
5.596500e+03 1.122074e-12
5.626500e+03 1.117923e-12
5.656500e+03 1.113770e-12
5.686500e+03 1.110887e-12
5.716500e+03 1.104000e-12
5.746500e+03 1.097948e-12
5.776500e+03 1.101196e-12
5.806500e+03 1.094558e-12
5.836500e+03 1.093007e-12
5.866500e+03 1.083537e-12
5.896500e+03 1.089256e-12
5.926500e+03 1.077292e-12
5.956500e+03 1.079358e-12
