# fgas-4sigma qgt50
# ell  D_ell = ell(ell+1)C_ell/2pi
1.650000e+01 7.274188e-15
4.650000e+01 3.335272e-14
7.650000e+01 6.416441e-14
1.065000e+02 1.033921e-13
1.365000e+02 1.377605e-13
1.665000e+02 1.737181e-13
1.965000e+02 2.117910e-13
2.265000e+02 2.410262e-13
2.565000e+02 2.756077e-13
2.865000e+02 3.040881e-13
3.165000e+02 3.430460e-13
3.465000e+02 3.711215e-13
3.765000e+02 4.044562e-13
4.065000e+02 4.274619e-13
4.365000e+02 4.665505e-13
4.665000e+02 4.832459e-13
4.965000e+02 5.162975e-13
5.265000e+02 5.489384e-13
5.565000e+02 5.676371e-13
5.865000e+02 5.930588e-13
6.165000e+02 6.127470e-13
6.465000e+02 6.426023e-13
6.765000e+02 6.529273e-13
7.065000e+02 6.825889e-13
7.365000e+02 7.137080e-13
7.665000e+02 7.303068e-13
7.965000e+02 7.547229e-13
8.265000e+02 7.630910e-13
8.565000e+02 7.915502e-13
8.865000e+02 8.111398e-13
9.165000e+02 8.268515e-13
9.465000e+02 8.482436e-13
9.765000e+02 8.721508e-13
1.006500e+03 8.807533e-13
1.036500e+03 9.001852e-13
1.066500e+03 9.185969e-13
1.096500e+03 9.321004e-13
1.126500e+03 9.383393e-13
1.156500e+03 9.657858e-13
1.186500e+03 9.767858e-13
1.216500e+03 1.001394e-12
1.246500e+03 1.016328e-12
1.276500e+03 1.024082e-12
1.306500e+03 1.036485e-12
1.336500e+03 1.046000e-12
1.366500e+03 1.069691e-12
1.396500e+03 1.066417e-12
1.426500e+03 1.083646e-12
1.456500e+03 1.096303e-12
1.486500e+03 1.102834e-12
1.516500e+03 1.111913e-12
1.546500e+03 1.126374e-12
1.576500e+03 1.137290e-12
1.606500e+03 1.145922e-12
1.636500e+03 1.148672e-12
1.666500e+03 1.164774e-12
1.696500e+03 1.181813e-12
1.726500e+03 1.186475e-12
1.756500e+03 1.189655e-12
1.786500e+03 1.198304e-12
1.816500e+03 1.197746e-12
1.846500e+03 1.202841e-12
1.876500e+03 1.204923e-12
1.906500e+03 1.218696e-12
1.936500e+03 1.235990e-12
1.966500e+03 1.234035e-12
1.996500e+03 1.244674e-12
2.026500e+03 1.240279e-12
2.056500e+03 1.245475e-12
2.086500e+03 1.252551e-12
2.116500e+03 1.263696e-12
2.146500e+03 1.260411e-12
2.176500e+03 1.266751e-12
2.206500e+03 1.281652e-12
2.236500e+03 1.281276e-12
2.266500e+03 1.288117e-12
2.296500e+03 1.292261e-12
2.326500e+03 1.287503e-12
2.356500e+03 1.295630e-12
2.386500e+03 1.295209e-12
2.416500e+03 1.300594e-12
2.446500e+03 1.299145e-12
2.476500e+03 1.296859e-12
2.506500e+03 1.317292e-12
2.536500e+03 1.321688e-12
2.566500e+03 1.318571e-12
2.596500e+03 1.307759e-12
2.626500e+03 1.320167e-12
2.656500e+03 1.320375e-12
2.686500e+03 1.319640e-12
2.716500e+03 1.324913e-12
2.746500e+03 1.327620e-12
2.776500e+03 1.327702e-12
2.806500e+03 1.331932e-12
2.836500e+03 1.331342e-12
2.866500e+03 1.332455e-12
2.896500e+03 1.329207e-12
2.926500e+03 1.334225e-12
2.956500e+03 1.325788e-12
2.986500e+03 1.331965e-12
3.016500e+03 1.335507e-12
3.046500e+03 1.326112e-12
3.076500e+03 1.333865e-12
3.106500e+03 1.329809e-12
3.136500e+03 1.326255e-12
3.166500e+03 1.331664e-12
3.196500e+03 1.330318e-12
3.226500e+03 1.321816e-12
3.256500e+03 1.328076e-12
3.286500e+03 1.345204e-12
3.316500e+03 1.340255e-12
3.346500e+03 1.335198e-12
3.376500e+03 1.333048e-12
3.406500e+03 1.332316e-12
3.436500e+03 1.335258e-12
3.466500e+03 1.324762e-12
3.496500e+03 1.323675e-12
3.526500e+03 1.318222e-12
3.556500e+03 1.318348e-12
3.586500e+03 1.318209e-12
3.616500e+03 1.315684e-12
3.646500e+03 1.321454e-12
3.676500e+03 1.312083e-12
3.706500e+03 1.311058e-12
3.736500e+03 1.315083e-12
3.766500e+03 1.309484e-12
3.796500e+03 1.306812e-12
3.826500e+03 1.308042e-12
3.856500e+03 1.305591e-12
3.886500e+03 1.298198e-12
3.916500e+03 1.300626e-12
3.946500e+03 1.295347e-12
3.976500e+03 1.295937e-12
4.006500e+03 1.289473e-12
4.036500e+03 1.294030e-12
4.066500e+03 1.288880e-12
4.096500e+03 1.290863e-12
4.126500e+03 1.279131e-12
4.156500e+03 1.284579e-12
4.186500e+03 1.283116e-12
4.216500e+03 1.268490e-12
4.246500e+03 1.277705e-12
4.276500e+03 1.276780e-12
4.306500e+03 1.267930e-12
4.336500e+03 1.270049e-12
4.366500e+03 1.262612e-12
4.396500e+03 1.262753e-12
4.426500e+03 1.253172e-12
4.456500e+03 1.253389e-12
4.486500e+03 1.248417e-12
4.516500e+03 1.245201e-12
4.546500e+03 1.240402e-12
4.576500e+03 1.239877e-12
4.606500e+03 1.242241e-12
4.636500e+03 1.233279e-12
4.666500e+03 1.231793e-12
4.696500e+03 1.226272e-12
4.726500e+03 1.229088e-12
4.756500e+03 1.220432e-12
4.786500e+03 1.216411e-12
4.816500e+03 1.222439e-12
4.846500e+03 1.217568e-12
4.876500e+03 1.216448e-12
4.906500e+03 1.203901e-12
4.936500e+03 1.206216e-12
4.966500e+03 1.201513e-12
4.996500e+03 1.200365e-12
5.026500e+03 1.192678e-12
5.056500e+03 1.195954e-12
5.086500e+03 1.183502e-12
5.116500e+03 1.179960e-12
5.146500e+03 1.179971e-12
5.176500e+03 1.176284e-12
5.206500e+03 1.171093e-12
5.236500e+03 1.172261e-12
5.266500e+03 1.164612e-12
5.296500e+03 1.163576e-12
5.326500e+03 1.161139e-12
5.356500e+03 1.155948e-12
5.386500e+03 1.151193e-12
5.416500e+03 1.149987e-12
5.446500e+03 1.149607e-12
5.476500e+03 1.142604e-12
5.506500e+03 1.139597e-12
5.536500e+03 1.125165e-12
5.566500e+03 1.131626e-12
5.596500e+03 1.128383e-12
5.626500e+03 1.123902e-12
5.656500e+03 1.121274e-12
5.686500e+03 1.117521e-12
5.716500e+03 1.111069e-12
5.746500e+03 1.106530e-12
5.776500e+03 1.108380e-12
5.806500e+03 1.102975e-12
5.836500e+03 1.101101e-12
5.866500e+03 1.091633e-12
5.896500e+03 1.098143e-12
5.926500e+03 1.085579e-12
5.956500e+03 1.085147e-12
