# Mstar-1sigma_fgas-4sigma qgt1
# ell  D_ell = ell(ell+1)C_ell/2pi
1.650000e+01 1.626660e-15
4.650000e+01 8.768278e-15
7.650000e+01 1.753661e-14
1.065000e+02 2.698933e-14
1.365000e+02 3.623053e-14
1.665000e+02 4.645530e-14
1.965000e+02 5.796956e-14
2.265000e+02 6.955202e-14
2.565000e+02 8.444667e-14
2.865000e+02 9.672577e-14
3.165000e+02 1.125933e-13
3.465000e+02 1.256204e-13
3.765000e+02 1.409165e-13
4.065000e+02 1.541669e-13
4.365000e+02 1.679839e-13
4.665000e+02 1.788880e-13
4.965000e+02 1.983915e-13
5.265000e+02 2.160171e-13
5.565000e+02 2.222613e-13
5.865000e+02 2.447623e-13
6.165000e+02 2.594668e-13
6.465000e+02 2.753313e-13
6.765000e+02 2.819156e-13
7.065000e+02 3.001103e-13
7.365000e+02 3.207045e-13
7.665000e+02 3.338219e-13
7.965000e+02 3.507574e-13
8.265000e+02 3.627501e-13
8.565000e+02 3.735255e-13
8.865000e+02 3.933713e-13
9.165000e+02 4.061297e-13
9.465000e+02 4.249177e-13
9.765000e+02 4.343651e-13
1.006500e+03 4.498670e-13
1.036500e+03 4.784595e-13
1.066500e+03 4.843864e-13
1.096500e+03 4.988013e-13
1.126500e+03 5.080603e-13
1.156500e+03 5.223580e-13
1.186500e+03 5.451559e-13
1.216500e+03 5.570141e-13
1.246500e+03 5.681484e-13
1.276500e+03 5.767493e-13
1.306500e+03 5.950339e-13
1.336500e+03 5.979930e-13
1.366500e+03 6.270268e-13
1.396500e+03 6.305276e-13
1.426500e+03 6.363284e-13
1.456500e+03 6.545328e-13
1.486500e+03 6.661844e-13
1.516500e+03 6.776350e-13
1.546500e+03 6.893767e-13
1.576500e+03 6.961405e-13
1.606500e+03 7.138943e-13
1.636500e+03 7.072051e-13
1.666500e+03 7.294194e-13
1.696500e+03 7.468385e-13
1.726500e+03 7.532165e-13
1.756500e+03 7.508888e-13
1.786500e+03 7.721406e-13
1.816500e+03 7.789870e-13
1.846500e+03 7.778483e-13
1.876500e+03 7.927966e-13
1.906500e+03 7.991306e-13
1.936500e+03 8.124339e-13
1.966500e+03 8.276446e-13
1.996500e+03 8.282605e-13
2.026500e+03 8.299546e-13
2.056500e+03 8.464473e-13
2.086500e+03 8.561349e-13
2.116500e+03 8.610818e-13
2.146500e+03 8.597212e-13
2.176500e+03 8.801332e-13
2.206500e+03 8.864660e-13
2.236500e+03 8.949812e-13
2.266500e+03 9.026339e-13
2.296500e+03 8.972762e-13
2.326500e+03 9.044207e-13
2.356500e+03 9.133196e-13
2.386500e+03 9.191487e-13
2.416500e+03 9.373263e-13
2.446500e+03 9.298794e-13
2.476500e+03 9.266910e-13
2.506500e+03 9.543619e-13
2.536500e+03 9.515871e-13
2.566500e+03 9.503740e-13
2.596500e+03 9.531941e-13
2.626500e+03 9.581556e-13
2.656500e+03 9.655831e-13
2.686500e+03 9.703564e-13
2.716500e+03 9.773177e-13
2.746500e+03 9.835293e-13
2.776500e+03 9.867515e-13
2.806500e+03 9.796606e-13
2.836500e+03 9.964389e-13
2.866500e+03 9.925822e-13
2.896500e+03 1.002058e-12
2.926500e+03 9.955929e-13
2.956500e+03 1.009909e-12
2.986500e+03 1.011914e-12
3.016500e+03 1.008509e-12
3.046500e+03 1.013920e-12
3.076500e+03 1.025611e-12
3.106500e+03 1.018890e-12
3.136500e+03 1.016061e-12
3.166500e+03 1.018796e-12
3.196500e+03 1.023794e-12
3.226500e+03 1.021784e-12
3.256500e+03 1.034499e-12
3.286500e+03 1.039037e-12
3.316500e+03 1.048223e-12
3.346500e+03 1.038842e-12
3.376500e+03 1.038767e-12
3.406500e+03 1.046894e-12
3.436500e+03 1.047104e-12
3.466500e+03 1.042302e-12
3.496500e+03 1.045434e-12
3.526500e+03 1.042817e-12
3.556500e+03 1.049437e-12
3.586500e+03 1.053684e-12
3.616500e+03 1.052330e-12
3.646500e+03 1.048443e-12
3.676500e+03 1.043683e-12
3.706500e+03 1.042170e-12
3.736500e+03 1.048648e-12
3.766500e+03 1.050314e-12
3.796500e+03 1.052732e-12
3.826500e+03 1.060789e-12
3.856500e+03 1.057968e-12
3.886500e+03 1.051547e-12
3.916500e+03 1.053067e-12
3.946500e+03 1.045165e-12
3.976500e+03 1.053749e-12
4.006500e+03 1.045506e-12
4.036500e+03 1.058541e-12
4.066500e+03 1.051610e-12
4.096500e+03 1.060202e-12
4.126500e+03 1.053417e-12
4.156500e+03 1.052812e-12
4.186500e+03 1.055939e-12
4.216500e+03 1.043709e-12
4.246500e+03 1.047213e-12
4.276500e+03 1.053541e-12
4.306500e+03 1.050350e-12
4.336500e+03 1.041197e-12
4.366500e+03 1.048359e-12
4.396500e+03 1.052710e-12
4.426500e+03 1.036511e-12
4.456500e+03 1.039638e-12
4.486500e+03 1.038788e-12
4.516500e+03 1.036355e-12
4.546500e+03 1.039900e-12
4.576500e+03 1.042795e-12
4.606500e+03 1.033700e-12
4.636500e+03 1.029033e-12
4.666500e+03 1.031961e-12
4.696500e+03 1.026268e-12
4.726500e+03 1.026911e-12
4.756500e+03 1.031726e-12
4.786500e+03 1.025757e-12
4.816500e+03 1.037082e-12
4.846500e+03 1.030456e-12
4.876500e+03 1.027755e-12
4.906500e+03 1.017741e-12
4.936500e+03 1.023905e-12
4.966500e+03 1.012907e-12
4.996500e+03 1.012176e-12
5.026500e+03 1.010577e-12
5.056500e+03 1.019160e-12
5.086500e+03 1.008965e-12
5.116500e+03 1.007412e-12
5.146500e+03 1.009293e-12
5.176500e+03 1.004467e-12
5.206500e+03 9.975583e-13
5.236500e+03 1.011519e-12
5.266500e+03 1.005494e-12
5.296500e+03 9.975974e-13
5.326500e+03 9.937942e-13
5.356500e+03 1.000198e-12
5.386500e+03 9.965427e-13
5.416500e+03 9.844140e-13
5.446500e+03 9.884083e-13
5.476500e+03 9.856524e-13
5.506500e+03 9.761231e-13
5.536500e+03 9.731191e-13
5.566500e+03 9.858671e-13
5.596500e+03 9.805512e-13
5.626500e+03 9.691393e-13
5.656500e+03 9.735087e-13
5.686500e+03 9.769560e-13
5.716500e+03 9.734415e-13
5.746500e+03 9.714844e-13
5.776500e+03 9.856504e-13
5.806500e+03 9.865242e-13
5.836500e+03 9.880981e-13
5.866500e+03 1.002305e-12
5.896500e+03 1.042415e-12
5.926500e+03 1.086127e-12
5.956500e+03 1.168844e-12
