# fgas-2sigma qgt1
# ell  D_ell = ell(ell+1)C_ell/2pi
1.650000e+01 1.438384e-15
4.650000e+01 8.102450e-15
7.650000e+01 1.449023e-14
1.065000e+02 2.392551e-14
1.365000e+02 3.234302e-14
1.665000e+02 4.338173e-14
1.965000e+02 5.398986e-14
2.265000e+02 6.513269e-14
2.565000e+02 7.910039e-14
2.865000e+02 9.406480e-14
3.165000e+02 1.056623e-13
3.465000e+02 1.192905e-13
3.765000e+02 1.390282e-13
4.065000e+02 1.506877e-13
4.365000e+02 1.649790e-13
4.665000e+02 1.798196e-13
4.965000e+02 1.961646e-13
5.265000e+02 2.118782e-13
5.565000e+02 2.203381e-13
5.865000e+02 2.456410e-13
6.165000e+02 2.585969e-13
6.465000e+02 2.699262e-13
6.765000e+02 2.859700e-13
7.065000e+02 3.028535e-13
7.365000e+02 3.194663e-13
7.665000e+02 3.399527e-13
7.965000e+02 3.622486e-13
8.265000e+02 3.644926e-13
8.565000e+02 3.811440e-13
8.865000e+02 4.026836e-13
9.165000e+02 4.122524e-13
9.465000e+02 4.320121e-13
9.765000e+02 4.493601e-13
1.006500e+03 4.602765e-13
1.036500e+03 4.763117e-13
1.066500e+03 4.939785e-13
1.096500e+03 5.023295e-13
1.126500e+03 5.216344e-13
1.156500e+03 5.238492e-13
1.186500e+03 5.493473e-13
1.216500e+03 5.686217e-13
1.246500e+03 5.815773e-13
1.276500e+03 5.865512e-13
1.306500e+03 6.016091e-13
1.336500e+03 6.143505e-13
1.366500e+03 6.346395e-13
1.396500e+03 6.424991e-13
1.426500e+03 6.547923e-13
1.456500e+03 6.602478e-13
1.486500e+03 6.845212e-13
1.516500e+03 6.962342e-13
1.546500e+03 6.952961e-13
1.576500e+03 7.156265e-13
1.606500e+03 7.324134e-13
1.636500e+03 7.301746e-13
1.666500e+03 7.577873e-13
1.696500e+03 7.658122e-13
1.726500e+03 7.744119e-13
1.756500e+03 7.801988e-13
1.786500e+03 7.953156e-13
1.816500e+03 7.984947e-13
1.846500e+03 8.096985e-13
1.876500e+03 8.252729e-13
1.906500e+03 8.312880e-13
1.936500e+03 8.347139e-13
1.966500e+03 8.460622e-13
1.996500e+03 8.641940e-13
2.026500e+03 8.672509e-13
2.056500e+03 8.849631e-13
2.086500e+03 8.839783e-13
2.116500e+03 8.949360e-13
2.146500e+03 8.940814e-13
2.176500e+03 9.244687e-13
2.206500e+03 9.212334e-13
2.236500e+03 9.346203e-13
2.266500e+03 9.341609e-13
2.296500e+03 9.490008e-13
2.326500e+03 9.525996e-13
2.356500e+03 9.603212e-13
2.386500e+03 9.661843e-13
2.416500e+03 9.694306e-13
2.446500e+03 9.843719e-13
2.476500e+03 9.690428e-13
2.506500e+03 1.000996e-12
2.536500e+03 1.007068e-12
2.566500e+03 1.012194e-12
2.596500e+03 1.016202e-12
2.626500e+03 1.023210e-12
2.656500e+03 1.012679e-12
2.686500e+03 1.024159e-12
2.716500e+03 1.044654e-12
2.746500e+03 1.040541e-12
2.776500e+03 1.047310e-12
2.806500e+03 1.040934e-12
2.836500e+03 1.064437e-12
2.866500e+03 1.058157e-12
2.896500e+03 1.068142e-12
2.926500e+03 1.066420e-12
2.956500e+03 1.079384e-12
2.986500e+03 1.084395e-12
3.016500e+03 1.082775e-12
3.046500e+03 1.082400e-12
3.076500e+03 1.093733e-12
3.106500e+03 1.094428e-12
3.136500e+03 1.098223e-12
3.166500e+03 1.109687e-12
3.196500e+03 1.108384e-12
3.226500e+03 1.110099e-12
3.256500e+03 1.111577e-12
3.286500e+03 1.128285e-12
3.316500e+03 1.131465e-12
3.346500e+03 1.136181e-12
3.376500e+03 1.115896e-12
3.406500e+03 1.131447e-12
3.436500e+03 1.139643e-12
3.466500e+03 1.134515e-12
3.496500e+03 1.139029e-12
3.526500e+03 1.132156e-12
3.556500e+03 1.139434e-12
3.586500e+03 1.141518e-12
3.616500e+03 1.147942e-12
3.646500e+03 1.144080e-12
3.676500e+03 1.143515e-12
3.706500e+03 1.145095e-12
3.736500e+03 1.150827e-12
3.766500e+03 1.152184e-12
3.796500e+03 1.157881e-12
3.826500e+03 1.153252e-12
3.856500e+03 1.169323e-12
3.886500e+03 1.151252e-12
3.916500e+03 1.157463e-12
3.946500e+03 1.161770e-12
3.976500e+03 1.159744e-12
4.006500e+03 1.162368e-12
4.036500e+03 1.165661e-12
4.066500e+03 1.162185e-12
4.096500e+03 1.175789e-12
4.126500e+03 1.163608e-12
4.156500e+03 1.172395e-12
4.186500e+03 1.172107e-12
4.216500e+03 1.164310e-12
4.246500e+03 1.167127e-12
4.276500e+03 1.169820e-12
4.306500e+03 1.174102e-12
4.336500e+03 1.164786e-12
4.366500e+03 1.166746e-12
4.396500e+03 1.184715e-12
4.426500e+03 1.163937e-12
4.456500e+03 1.161540e-12
4.486500e+03 1.163651e-12
4.516500e+03 1.165615e-12
4.546500e+03 1.175227e-12
4.576500e+03 1.170067e-12
4.606500e+03 1.169788e-12
4.636500e+03 1.162074e-12
4.666500e+03 1.168019e-12
4.696500e+03 1.157431e-12
4.726500e+03 1.161807e-12
4.756500e+03 1.165946e-12
4.786500e+03 1.159518e-12
4.816500e+03 1.173886e-12
4.846500e+03 1.172459e-12
4.876500e+03 1.163224e-12
4.906500e+03 1.165312e-12
4.936500e+03 1.159582e-12
4.966500e+03 1.157593e-12
4.996500e+03 1.155042e-12
5.026500e+03 1.154500e-12
5.056500e+03 1.162754e-12
5.086500e+03 1.150716e-12
5.116500e+03 1.149547e-12
5.146500e+03 1.158112e-12
5.176500e+03 1.153962e-12
5.206500e+03 1.150957e-12
5.236500e+03 1.155603e-12
5.266500e+03 1.143052e-12
5.296500e+03 1.148983e-12
5.326500e+03 1.147269e-12
5.356500e+03 1.148249e-12
5.386500e+03 1.146022e-12
5.416500e+03 1.142145e-12
5.446500e+03 1.142946e-12
5.476500e+03 1.139547e-12
5.506500e+03 1.134529e-12
5.536500e+03 1.122223e-12
5.566500e+03 1.143783e-12
5.596500e+03 1.137100e-12
5.626500e+03 1.126005e-12
5.656500e+03 1.136141e-12
5.686500e+03 1.138169e-12
5.716500e+03 1.130040e-12
5.746500e+03 1.134589e-12
5.776500e+03 1.145528e-12
5.806500e+03 1.147928e-12
5.836500e+03 1.159398e-12
5.866500e+03 1.182145e-12
5.896500e+03 1.229754e-12
5.926500e+03 1.274920e-12
5.956500e+03 1.383344e-12
