# Mstar-1sigma_fgas-4sigma qgt10
# ell  D_ell = ell(ell+1)C_ell/2pi
1.650000e+01 4.531382e-15
4.650000e+01 2.068127e-14
7.650000e+01 4.180722e-14
1.065000e+02 6.365221e-14
1.365000e+02 8.998502e-14
1.665000e+02 1.161318e-13
1.965000e+02 1.413341e-13
2.265000e+02 1.674597e-13
2.565000e+02 1.954037e-13
2.865000e+02 2.179977e-13
3.165000e+02 2.510342e-13
3.465000e+02 2.761276e-13
3.765000e+02 3.055667e-13
4.065000e+02 3.254730e-13
4.365000e+02 3.635207e-13
4.665000e+02 3.801216e-13
4.965000e+02 4.076867e-13
5.265000e+02 4.418329e-13
5.565000e+02 4.626886e-13
5.865000e+02 4.875316e-13
6.165000e+02 5.108412e-13
6.465000e+02 5.379606e-13
6.765000e+02 5.547899e-13
7.065000e+02 5.805666e-13
7.365000e+02 6.171604e-13
7.665000e+02 6.315837e-13
7.965000e+02 6.554690e-13
8.265000e+02 6.662974e-13
8.565000e+02 6.984623e-13
8.865000e+02 7.163378e-13
9.165000e+02 7.384600e-13
9.465000e+02 7.614289e-13
9.765000e+02 7.842189e-13
1.006500e+03 7.959378e-13
1.036500e+03 8.228652e-13
1.066500e+03 8.422333e-13
1.096500e+03 8.593116e-13
1.126500e+03 8.695377e-13
1.156500e+03 8.928476e-13
1.186500e+03 9.083044e-13
1.216500e+03 9.350823e-13
1.246500e+03 9.471376e-13
1.276500e+03 9.622128e-13
1.306500e+03 9.751173e-13
1.336500e+03 9.900801e-13
1.366500e+03 1.016372e-12
1.396500e+03 1.012859e-12
1.426500e+03 1.030851e-12
1.456500e+03 1.049389e-12
1.486500e+03 1.055774e-12
1.516500e+03 1.069438e-12
1.546500e+03 1.083008e-12
1.576500e+03 1.093691e-12
1.606500e+03 1.105603e-12
1.636500e+03 1.106722e-12
1.666500e+03 1.128980e-12
1.696500e+03 1.145057e-12
1.726500e+03 1.154625e-12
1.756500e+03 1.155628e-12
1.786500e+03 1.164386e-12
1.816500e+03 1.169640e-12
1.846500e+03 1.174123e-12
1.876500e+03 1.180678e-12
1.906500e+03 1.193857e-12
1.936500e+03 1.214721e-12
1.966500e+03 1.207472e-12
1.996500e+03 1.222276e-12
2.026500e+03 1.218429e-12
2.056500e+03 1.226965e-12
2.086500e+03 1.233690e-12
2.116500e+03 1.247982e-12
2.146500e+03 1.243703e-12
2.176500e+03 1.250490e-12
2.206500e+03 1.266314e-12
2.236500e+03 1.268606e-12
2.266500e+03 1.277170e-12
2.296500e+03 1.279330e-12
2.326500e+03 1.275183e-12
2.356500e+03 1.284655e-12
2.386500e+03 1.289519e-12
2.416500e+03 1.289958e-12
2.446500e+03 1.294817e-12
2.476500e+03 1.289945e-12
2.506500e+03 1.308512e-12
2.536500e+03 1.313768e-12
2.566500e+03 1.313185e-12
2.596500e+03 1.302381e-12
2.626500e+03 1.317646e-12
2.656500e+03 1.315695e-12
2.686500e+03 1.315179e-12
2.716500e+03 1.319578e-12
2.746500e+03 1.325874e-12
2.776500e+03 1.327086e-12
2.806500e+03 1.325679e-12
2.836500e+03 1.334009e-12
2.866500e+03 1.331491e-12
2.896500e+03 1.330935e-12
2.926500e+03 1.333221e-12
2.956500e+03 1.321918e-12
2.986500e+03 1.330145e-12
3.016500e+03 1.335741e-12
3.046500e+03 1.326195e-12
3.076500e+03 1.333989e-12
3.106500e+03 1.330304e-12
3.136500e+03 1.327656e-12
3.166500e+03 1.329199e-12
3.196500e+03 1.332468e-12
3.226500e+03 1.323254e-12
3.256500e+03 1.328557e-12
3.286500e+03 1.346081e-12
3.316500e+03 1.343930e-12
3.346500e+03 1.334536e-12
3.376500e+03 1.333884e-12
3.406500e+03 1.335390e-12
3.436500e+03 1.336959e-12
3.466500e+03 1.327904e-12
3.496500e+03 1.326449e-12
3.526500e+03 1.322474e-12
3.556500e+03 1.320219e-12
3.586500e+03 1.321464e-12
3.616500e+03 1.319163e-12
3.646500e+03 1.320612e-12
3.676500e+03 1.314768e-12
3.706500e+03 1.314833e-12
3.736500e+03 1.316822e-12
3.766500e+03 1.314386e-12
3.796500e+03 1.309438e-12
3.826500e+03 1.311799e-12
3.856500e+03 1.305861e-12
3.886500e+03 1.300310e-12
3.916500e+03 1.301200e-12
3.946500e+03 1.297528e-12
3.976500e+03 1.298298e-12
4.006500e+03 1.289626e-12
4.036500e+03 1.296252e-12
4.066500e+03 1.291600e-12
4.096500e+03 1.294212e-12
4.126500e+03 1.280209e-12
4.156500e+03 1.285973e-12
4.186500e+03 1.283202e-12
4.216500e+03 1.268819e-12
4.246500e+03 1.279299e-12
4.276500e+03 1.274847e-12
4.306500e+03 1.269432e-12
4.336500e+03 1.270341e-12
4.366500e+03 1.261872e-12
4.396500e+03 1.261797e-12
4.426500e+03 1.251159e-12
4.456500e+03 1.252921e-12
4.486500e+03 1.246291e-12
4.516500e+03 1.244347e-12
4.546500e+03 1.240235e-12
4.576500e+03 1.236446e-12
4.606500e+03 1.241709e-12
4.636500e+03 1.230027e-12
4.666500e+03 1.230932e-12
4.696500e+03 1.224914e-12
4.726500e+03 1.227465e-12
4.756500e+03 1.216016e-12
4.786500e+03 1.212054e-12
4.816500e+03 1.219991e-12
4.846500e+03 1.213230e-12
4.876500e+03 1.213494e-12
4.906500e+03 1.201262e-12
4.936500e+03 1.202274e-12
4.966500e+03 1.196426e-12
4.996500e+03 1.195166e-12
5.026500e+03 1.186976e-12
5.056500e+03 1.190933e-12
5.086500e+03 1.177917e-12
5.116500e+03 1.173346e-12
5.146500e+03 1.176129e-12
5.176500e+03 1.171105e-12
5.206500e+03 1.164454e-12
5.236500e+03 1.166534e-12
5.266500e+03 1.157643e-12
5.296500e+03 1.156315e-12
5.326500e+03 1.152596e-12
5.356500e+03 1.149076e-12
5.386500e+03 1.143902e-12
5.416500e+03 1.142382e-12
5.446500e+03 1.140745e-12
5.476500e+03 1.132691e-12
5.506500e+03 1.130660e-12
5.536500e+03 1.116579e-12
5.566500e+03 1.124374e-12
5.596500e+03 1.119162e-12
5.626500e+03 1.114426e-12
5.656500e+03 1.111356e-12
5.686500e+03 1.108052e-12
5.716500e+03 1.101485e-12
5.746500e+03 1.095431e-12
5.776500e+03 1.097926e-12
5.806500e+03 1.092736e-12
5.836500e+03 1.089804e-12
5.866500e+03 1.082511e-12
5.896500e+03 1.088421e-12
5.926500e+03 1.079419e-12
5.956500e+03 1.083750e-12
