# Mstar-1sigma_fgas-4sigma qgt5
# ell  D_ell = ell(ell+1)C_ell/2pi
1.650000e+01 3.513452e-15
4.650000e+01 1.619125e-14
7.650000e+01 3.317699e-14
1.065000e+02 5.010481e-14
1.365000e+02 7.121330e-14
1.665000e+02 9.220685e-14
1.965000e+02 1.101008e-13
2.265000e+02 1.318141e-13
2.565000e+02 1.564051e-13
2.865000e+02 1.764843e-13
3.165000e+02 2.011003e-13
3.465000e+02 2.205876e-13
3.765000e+02 2.450922e-13
4.065000e+02 2.680172e-13
4.365000e+02 2.946310e-13
4.665000e+02 3.095866e-13
4.965000e+02 3.362012e-13
5.265000e+02 3.656239e-13
5.565000e+02 3.879844e-13
5.865000e+02 4.051038e-13
6.165000e+02 4.293330e-13
6.465000e+02 4.546200e-13
6.765000e+02 4.697252e-13
7.065000e+02 4.961570e-13
7.365000e+02 5.203320e-13
7.665000e+02 5.401145e-13
7.965000e+02 5.643614e-13
8.265000e+02 5.763176e-13
8.565000e+02 5.999724e-13
8.865000e+02 6.196346e-13
9.165000e+02 6.443239e-13
9.465000e+02 6.609152e-13
9.765000e+02 6.812848e-13
1.006500e+03 6.968020e-13
1.036500e+03 7.253744e-13
1.066500e+03 7.496228e-13
1.096500e+03 7.650744e-13
1.126500e+03 7.700739e-13
1.156500e+03 7.925602e-13
1.186500e+03 8.127745e-13
1.216500e+03 8.366068e-13
1.246500e+03 8.489815e-13
1.276500e+03 8.641034e-13
1.306500e+03 8.782485e-13
1.336500e+03 8.912374e-13
1.366500e+03 9.197451e-13
1.396500e+03 9.158762e-13
1.426500e+03 9.330678e-13
1.456500e+03 9.509225e-13
1.486500e+03 9.604648e-13
1.516500e+03 9.736568e-13
1.546500e+03 9.867247e-13
1.576500e+03 9.988287e-13
1.606500e+03 1.011641e-12
1.636500e+03 1.015433e-12
1.666500e+03 1.038264e-12
1.696500e+03 1.046437e-12
1.726500e+03 1.060023e-12
1.756500e+03 1.063410e-12
1.786500e+03 1.073233e-12
1.816500e+03 1.083417e-12
1.846500e+03 1.081912e-12
1.876500e+03 1.094338e-12
1.906500e+03 1.109226e-12
1.936500e+03 1.126807e-12
1.966500e+03 1.122067e-12
1.996500e+03 1.138468e-12
2.026500e+03 1.137152e-12
2.056500e+03 1.143734e-12
2.086500e+03 1.150790e-12
2.116500e+03 1.164216e-12
2.146500e+03 1.159992e-12
2.176500e+03 1.171037e-12
2.206500e+03 1.183984e-12
2.236500e+03 1.186396e-12
2.266500e+03 1.194179e-12
2.296500e+03 1.198435e-12
2.326500e+03 1.200106e-12
2.356500e+03 1.208159e-12
2.386500e+03 1.214512e-12
2.416500e+03 1.216948e-12
2.446500e+03 1.225361e-12
2.476500e+03 1.216062e-12
2.506500e+03 1.235202e-12
2.536500e+03 1.242258e-12
2.566500e+03 1.242016e-12
2.596500e+03 1.237620e-12
2.626500e+03 1.246947e-12
2.656500e+03 1.251997e-12
2.686500e+03 1.249650e-12
2.716500e+03 1.253918e-12
2.746500e+03 1.260778e-12
2.776500e+03 1.263332e-12
2.806500e+03 1.263516e-12
2.836500e+03 1.270304e-12
2.866500e+03 1.267613e-12
2.896500e+03 1.268926e-12
2.926500e+03 1.272879e-12
2.956500e+03 1.263443e-12
2.986500e+03 1.272285e-12
3.016500e+03 1.276600e-12
3.046500e+03 1.270075e-12
3.076500e+03 1.278447e-12
3.106500e+03 1.275720e-12
3.136500e+03 1.274547e-12
3.166500e+03 1.275294e-12
3.196500e+03 1.277950e-12
3.226500e+03 1.269949e-12
3.256500e+03 1.273206e-12
3.286500e+03 1.289217e-12
3.316500e+03 1.289145e-12
3.346500e+03 1.284718e-12
3.376500e+03 1.282948e-12
3.406500e+03 1.285165e-12
3.436500e+03 1.284387e-12
3.466500e+03 1.281245e-12
3.496500e+03 1.279584e-12
3.526500e+03 1.277347e-12
3.556500e+03 1.276756e-12
3.586500e+03 1.277771e-12
3.616500e+03 1.275070e-12
3.646500e+03 1.274665e-12
3.676500e+03 1.270390e-12
3.706500e+03 1.273119e-12
3.736500e+03 1.273639e-12
3.766500e+03 1.269117e-12
3.796500e+03 1.267397e-12
3.826500e+03 1.270254e-12
3.856500e+03 1.266255e-12
3.886500e+03 1.261061e-12
3.916500e+03 1.264063e-12
3.946500e+03 1.255349e-12
3.976500e+03 1.261381e-12
4.006500e+03 1.254824e-12
4.036500e+03 1.259808e-12
4.066500e+03 1.255256e-12
4.096500e+03 1.258367e-12
4.126500e+03 1.243666e-12
4.156500e+03 1.252009e-12
4.186500e+03 1.248328e-12
4.216500e+03 1.235427e-12
4.246500e+03 1.246913e-12
4.276500e+03 1.241547e-12
4.306500e+03 1.237151e-12
4.336500e+03 1.236294e-12
4.366500e+03 1.229956e-12
4.396500e+03 1.231430e-12
4.426500e+03 1.220809e-12
4.456500e+03 1.223035e-12
4.486500e+03 1.215273e-12
4.516500e+03 1.214654e-12
4.546500e+03 1.211279e-12
4.576500e+03 1.208569e-12
4.606500e+03 1.214094e-12
4.636500e+03 1.199776e-12
4.666500e+03 1.203345e-12
4.696500e+03 1.198327e-12
4.726500e+03 1.199951e-12
4.756500e+03 1.191480e-12
4.786500e+03 1.186590e-12
4.816500e+03 1.193875e-12
4.846500e+03 1.189122e-12
4.876500e+03 1.190222e-12
4.906500e+03 1.175375e-12
4.936500e+03 1.177953e-12
4.966500e+03 1.171944e-12
4.996500e+03 1.171872e-12
5.026500e+03 1.164535e-12
5.056500e+03 1.168314e-12
5.086500e+03 1.154618e-12
5.116500e+03 1.150536e-12
5.146500e+03 1.154766e-12
5.176500e+03 1.151687e-12
5.206500e+03 1.145189e-12
5.236500e+03 1.146037e-12
5.266500e+03 1.139045e-12
5.296500e+03 1.137015e-12
5.326500e+03 1.132855e-12
5.356500e+03 1.131681e-12
5.386500e+03 1.125316e-12
5.416500e+03 1.124799e-12
5.446500e+03 1.123286e-12
5.476500e+03 1.115546e-12
5.506500e+03 1.113718e-12
5.536500e+03 1.098471e-12
5.566500e+03 1.106860e-12
5.596500e+03 1.103620e-12
5.626500e+03 1.097765e-12
5.656500e+03 1.095421e-12
5.686500e+03 1.092432e-12
5.716500e+03 1.087551e-12
5.746500e+03 1.082384e-12
5.776500e+03 1.084655e-12
5.806500e+03 1.081211e-12
5.836500e+03 1.076934e-12
5.866500e+03 1.072547e-12
5.896500e+03 1.080690e-12
5.926500e+03 1.078059e-12
5.956500e+03 1.091042e-12
